Insertion Sort
Count;Sorted;Reverse;Random;Same
0;395.0;0.0;395.0;8692.0
10;395.0;395.0;395.0;4345.0
20;395.0;395.0;790.0;395.0
30;395.0;1185.0;1185.0;395.0
40;395.0;1580.0;1185.0;395.0
50;395.0;3160.0;1975.0;395.0
60;791.0;5136.0;3951.0;790.0
70;790.0;5926.0;4741.0;1186.0
80;395.0;5530.0;3951.0;790.0
90;790.0;6321.0;4345.0;790.0
100;790.0;7901.0;4741.0;790.0
110;790.0;9482.0;6321.0;790.0
120;790.0;13432.0;7506.0;790.0
130;790.0;12642.0;8297.0;1975.0
140;790.0;14618.0;9087.0;790.0
150;1185.0;16592.0;10667.0;790.0
160;1185.0;18963.0;18172.0;1185.0
170;1186.0;20938.0;12247.0;790.0
180;790.0;23309.0;13037.0;790.0
190;790.0;26074.0;14617.0;1185.0
200;1185.0;28445.0;16593.0;1185.0
210;1185.0;31210.0;18173.0;1580.0
220;1185.0;34370.0;19753.0;1185.0
230;1186.0;42667.0;21728.0;1581.0
240;1581.0;40692.0;23704.0;1581.0
250;1581.0;43851.0;24889.0;1580.0
260;1185.0;47408.0;26074.0;1581.0
270;1580.0;52148.0;30024.0;1581.0
280;1581.0;54519.0;33580.0;1581.0
290;1580.0;58074.0;30815.0;1581.0
300;1581.0;66766.0;32790.0;1580.0
310;1580.0;70321.0;37926.0;1580.0
320;1976.0;70321.0;37926.0;1581.0
330;1581.0;79012.0;39901.0;1975.0
340;1975.0;79407.0;41087.0;1975.0
350;1975.0;84938.0;45827.0;1975.0
360;1976.0;88889.0;48198.0;1975.0
370;1975.0;94025.0;51753.0;1975.0
380;1976.0;99950.0;53334.0;1975.0
390;1975.0;103902.0;58074.0;2370.0
400;2370.0;113383.0;60839.0;2370.0
410;1975.0;114568.0;61630.0;1975.0
420;1975.0;124049.0;65580.0;1975.0
430;2370.0;124840.0;65185.0;2370.0
440;1975.0;135506.0;71901.0;2370.0
450;2371.0;139061.0;72692.0;2370.0
460;2370.0;144593.0;77037.0;2370.0
470;2371.0;149728.0;167506.0;2371.0
480;2765.0;178963.0;79407.0;2765.0
490;2765.0;188049.0;88099.0;3555.0
500;2371.0;169086.0;92445.0;2765.0
510;4346.0;203061.0;107062.0;3161.0
520;2765.0;182518.0;95605.0;2765.0
530;3160.0;199506.0;99160.0;3160.0
540;2766.0;195556.0;103111.0;2766.0
550;2766.0;203061.0;111012.0;3161.0
560;2765.0;212938.0;108642.0;2766.0
570;2766.0;222024.0;109828.0;2765.0
580;3161.0;227951.0;115753.0;3161.0
590;3160.0;235061.0;124050.0;3161.0
600;2765.0;240197.0;128395.0;3160.0
610;3161.0;250864.0;129185.0;3160.0
620;3161.0;262321.0;141037.0;3160.0
630;3161.0;296296.0;141827.0;3160.0
640;3160.0;276543.0;136296.0;9481.0
650;3161.0;283654.0;147358.0;3160.0
660;3161.0;291555.0;152099.0;3160.0
670;3556.0;300247.0;154864.0;3160.0
680;3556.0;312494.0;169482.0;3555.0
690;4345.0;329876.0;176198.0;4346.0
700;4345.0;335802.0;201482.0;3951.0
710;3161.0;342123.0;171061.0;3556.0
720;3161.0;349629.0;177382.0;3555.0
730;3556.0;355555.0;182123.0;3555.0
740;3951.0;365037.0;189234.0;3555.0
750;3556.0;372938.0;201876.0;3556.0
760;3556.0;385185.0;214913.0;3556.0
770;3950.0;394667.0;204642.0;3555.0
780;3556.0;406519.0;210567.0;3951.0
790;3556.0;419556.0;222814.0;3951.0
800;3556.0;425481.0;221234.0;3555.0
810;3951.0;439309.0;233086.0;3950.0
820;3556.0;538864.0;227160.0;3951.0
830;7506.0;466568.0;284839.0;4741.0
840;5136.0;483161.0;274963.0;4741.0
850;3951.0;480790.0;251260.0;4346.0
860;4345.0;491456.0;253235.0;3950.0
870;3950.0;502914.0;264297.0;4346.0
880;4345.0;519506.0;268642.0;4346.0
890;5926.0;544790.0;270222.0;4346.0
900;4741.0;542024.0;288000.0;4346.0
910;4345.0;549925.0;291160.0;4741.0
920;4345.0;568099.0;308148.0;4345.0
930;4346.0;721383.0;328297.0;5136.0
940;7111.0;637234.0;325926.0;5136.0
950;4346.0;599309.0;324741.0;5136.0
960;4345.0;614715.0;314074.0;4346.0
970;4740.0;626567.0;304987.0;4741.0
980;4740.0;640789.0;325926.0;4740.0
990;4741.0;651852.0;340148.0;5136.0
1000;4741.0;666864.0;341728.0;4740.0
1010;4741.0;677135.0;340148.0;4741.0
1020;5136.0;800790.0;374123.0;4741.0
1030;9877.0;1063506.0;634864.0;16987.0
1040;9086.0;1296987.0;860839.0;11852.0
1050;10272.0;1176889.0;628938.0;10666.0
1060;5136.0;747851.0;382420.0;5926.0
1070;5136.0;758518.0;386370.0;5135.0
1080;5135.0;867951.0;402568.0;4740.0
1090;5926.0;884543.0;486716.0;8691.0
1100;5136.0;806320.0;425877.0;5926.0
1110;5135.0;816988.0;417975.0;5136.0
1120;5531.0;831210.0;417975.0;5531.0
1130;5530.0;846222.0;442074.0;6321.0
1140;5531.0;858469.0;439703.0;5531.0
1150;5531.0;876642.0;435753.0;5530.0
1160;5926.0;1011358.0;553481.0;5531.0
1170;6716.0;916543.0;509235.0;7111.0
1180;5925.0;923259.0;467752.0;5531.0
1190;5926.0;937086.0;465382.0;5531.0
1200;5926.0;953679.0;490271.0;5531.0
1210;5531.0;967111.0;491457.0;5926.0
1220;5926.0;984889.0;509630.0;5926.0
1230;5926.0;1087999.0;616296.0;5926.0
1240;6321.0;1020444.0;578765.0;7111.0
1250;5926.0;1033876.0;521087.0;5926.0
1260;6321.0;1051654.0;542024.0;5926.0
1270;5926.0;1067851.0;542420.0;5926.0
1280;5926.0;1084444.0;547160.0;5926.0
1290;6321.0;1282765.0;565333.0;6321.0
1300;7111.0;1169777.0;599308.0;6716.0
1310;6321.0;1137777.0;576000.0;7111.0
1320;6321.0;1154370.0;595358.0;6321.0
1330;6321.0;1176098.0;583506.0;6321.0
1340;6321.0;1191111.0;598913.0;6716.0
1350;6716.0;1326221.0;613926.0;6716.0
1360;7506.0;1233777.0;750222.0;7507.0
1370;6716.0;1249185.0;646320.0;6716.0
1380;6321.0;1267358.0;645926.0;6321.0
1390;6321.0;1288296.0;655407.0;6716.0
1400;6716.0;1390221.0;662123.0;6716.0
1410;7506.0;1414321.0;683062.0;11061.0
1420;6716.0;1337679.0;674370.0;6717.0
1430;6716.0;1359012.0;671210.0;6716.0
1440;6716.0;1380740.0;706370.0;6716.0
1450;8296.0;1400098.0;712296.0;7111.0
1460;7902.0;1526913.0;897185.0;7506.0
1470;7111.0;1436444.0;724543.0;7506.0
1480;7111.0;1459357.0;757728.0;6716.0
1490;7111.0;1479506.0;759308.0;7111.0
1500;7112.0;1619357.0;780642.0;7111.0
1510;8296.0;1524938.0;867950.0;7901.0
1520;7111.0;1537975.0;774716.0;7111.0
1530;7112.0;1559309.0;781827.0;7506.0
1540;7111.0;1582616.0;813432.0;7506.0
1550;8297.0;1762765.0;893629.0;7506.0
1560;7506.0;1622123.0;829629.0;7902.0
1570;7507.0;1638320.0;839111.0;7901.0
1580;7111.0;1665185.0;830024.0;7506.0
1590;7506.0;1865085.0;857284.0;7506.0
1600;7901.0;1709827.0;931555.0;9481.0
1610;7506.0;1733135.0;907062.0;7506.0
1620;7506.0;1754073.0;882172.0;7506.0
1630;7901.0;1857975.0;884938.0;7901.0
1640;10271.0;1801876.0;942617.0;12642.0
1650;8296.0;1829530.0;902716.0;7902.0
1660;8297.0;1910518.0;982914.0;8296.0
1670;8296.0;2729481.0;938271.0;8296.0
1680;13432.0;1942518.0;1115654.0;17382.0
1690;13432.0;4076641.0;1021629.0;9877.0
1700;14222.0;3380936.0;1645432.0;15407.0
1710;10666.0;2122666.0;1138962.0;11456.0
1720;8691.0;1991901.0;1095901.0;13827.0
1730;11456.0;2484542.0;1388247.0;9876.0
1740;8296.0;2190617.0;1027950.0;9086.0
1750;8297.0;2101728.0;1031110.0;9087.0
1760;18568.0;2365628.0;1223900.0;8296.0
1770;8692.0;2123851.0;1075752.0;9876.0
1780;8296.0;2130172.0;1067061.0;8691.0
1790;9876.0;2508246.0;1073382.0;9086.0
1800;9087.0;2198913.0;1263012.0;12642.0
1810;9086.0;2208789.0;1131061.0;9482.0
1820;8692.0;2208790.0;1137777.0;8297.0
1830;11852.0;2241579.0;1207308.0;13432.0
1840;8692.0;2260147.0;1115258.0;9086.0
1850;8692.0;2281876.0;1131851.0;8691.0
1860;16197.0;2432394.0;1313185.0;8692.0
1870;9086.0;2336394.0;1202567.0;9482.0
1880;9086.0;2358123.0;1226271.0;9086.0
1890;9086.0;2689974.0;1195456.0;9086.0
1900;9087.0;2409085.0;1227851.0;9876.0
1910;9086.0;2430023.0;1227061.0;9086.0
1920;10667.0;2697085.0;1237333.0;9086.0
1930;9481.0;2484542.0;1343999.0;11062.0
1940;9087.0;2509826.0;1257086.0;9482.0
1950;12247.0;2826271.0;1290271.0;9482.0
1960;9481.0;2561974.0;1278420.0;9877.0
1970;9481.0;2586863.0;1341234.0;9087.0
1980;9481.0;2879604.0;1300938.0;9481.0
1990;9086.0;2639801.0;1322271.0;9876.0
2000;9481.0;2669826.0;1378370.0;10272.0
2010;9481.0;3053431.0;1357827.0;10272.0
2020;9481.0;2720789.0;1367308.0;9877.0
2030;13037.0;2777678.0;1386271.0;9876.0
2040;14618.0;2948739.0;1603950.0;9481.0
2050;9481.0;4251257.0;1441975.0;9877.0
2060;52543.0;3287702.0;3446913.0;18963.0
2070;9877.0;2877233.0;1454221.0;10667.0
2080;9877.0;3107950.0;1420247.0;10272.0
2090;10271.0;2932542.0;1519012.0;11062.0
2100;10666.0;2942813.0;1464888.0;10272.0
2110;10666.0;3211851.0;1464888.0;10272.0
2120;9876.0;3018270.0;1475950.0;10272.0
2130;9877.0;3022221.0;1585382.0;10666.0
2140;10272.0;3053826.0;1782123.0;10667.0
2150;10272.0;3082271.0;1557727.0;9877.0
2160;10272.0;3399900.0;1560098.0;10667.0
2170;10667.0;3140345.0;1589333.0;10667.0
2180;10667.0;3171554.0;1586568.0;14222.0
2190;12642.0;3250962.0;1753283.0;11852.0
2200;10667.0;3229233.0;1649777.0;11457.0
2210;11062.0;3662221.0;1629234.0;10667.0
2220;10272.0;3293233.0;1681777.0;11062.0
2230;10272.0;3317332.0;1647802.0;11061.0
2240;12642.0;3378566.0;1921579.0;11457.0
2250;10271.0;3374615.0;1696790.0;12642.0
2260;12247.0;3424393.0;1962666.0;10667.0
2270;10666.0;3440196.0;1749332.0;11457.0
2280;11457.0;3736888.0;1767901.0;11062.0
2290;11062.0;3497085.0;1768690.0;15013.0
2300;10667.0;3836443.0;1801086.0;11062.0
2310;11062.0;3555554.0;1790419.0;11852.0
2320;11061.0;3601776.0;1791999.0;15013.0
2330;11852.0;3637727.0;1950024.0;12642.0
2340;11062.0;3664591.0;1839407.0;11852.0
2350;20938.0;4822516.0;4534912.0;28839.0
2360;11062.0;4090468.0;1873382.0;15407.0
2370;11457.0;3747949.0;1931061.0;12247.0
2380;11061.0;4073875.0;1919209.0;11061.0
2390;11062.0;3806813.0;1910912.0;12642.0
2400;11456.0;4084542.0;1963456.0;11457.0
2410;11457.0;3869628.0;1968986.0;15803.0
2420;11457.0;4018961.0;1987160.0;12247.0
2430;11851.0;3938369.0;1993876.0;14222.0
2440;11457.0;3990121.0;1968591.0;12247.0
2450;17778.0;3998814.0;2154271.0;13037.0
2460;11852.0;4033184.0;1994271.0;11852.0
2470;12247.0;4067159.0;2190616.0;13432.0
2480;11457.0;4103900.0;2054715.0;11851.0
2490;12642.0;4135504.0;2226172.0;13827.0
2500;12247.0;4311702.0;2077234.0;11852.0
2510;11852.0;4215307.0;2141629.0;16592.0
2520;11852.0;4481973.0;2092641.0;12642.0
2530;11852.0;4303801.0;2140048.0;15408.0
2540;12246.0;4591405.0;2196542.0;12247.0
2550;11852.0;4335406.0;2249086.0;13432.0
2560;12247.0;4925627.0;2227357.0;12247.0
2570;11851.0;4397826.0;2203258.0;13037.0
2580;22124.0;9366910.0;3048295.0;12247.0
2590;12247.0;4856097.0;2291357.0;13828.0
2600;12247.0;4501332.0;2277529.0;13432.0
2610;12247.0;4865974.0;2369580.0;12642.0
2620;12247.0;4578763.0;2367209.0;12246.0
2630;13432.0;4720986.0;2545382.0;12642.0
2640;13037.0;4661332.0;2347061.0;13827.0
2650;12642.0;4692937.0;2463604.0;18568.0
2660;12642.0;4985282.0;2415012.0;13432.0
2670;12642.0;4753381.0;2460444.0;14222.0
2680;13037.0;5187948.0;2500344.0;13037.0
2690;12642.0;4817380.0;2465579.0;15802.0
2700;13827.0;4890467.0;2818765.0;13432.0
2710;13432.0;5153183.0;2484147.0;13828.0
2720;12642.0;4926418.0;2539850.0;15802.0
2730;13037.0;5482665.0;2513777.0;13037.0
2740;12642.0;5008196.0;2526024.0;13827.0
2750;15408.0;5044541.0;2859061.0;13827.0
2760;13037.0;5359405.0;2532740.0;13433.0
2770;12642.0;5105776.0;2509036.0;15013.0
2780;13433.0;5590912.0;2543407.0;13432.0
2790;25284.0;7483651.0;4679504.0;24889.0
2800;13432.0;5212837.0;2620839.0;14617.0
2810;15013.0;5313578.0;2887110.0;14222.0
2820;13432.0;5652541.0;2641382.0;13432.0
2830;13827.0;5332147.0;2665876.0;14618.0
2840;20939.0;5520986.0;2695505.0;14222.0
2850;13432.0;5631208.0;2761481.0;14618.0
2860;13432.0;5443554.0;2789529.0;16593.0
2870;13827.0;5857973.0;2798616.0;13432.0
2880;13432.0;5526516.0;2792295.0;14222.0
2890;14223.0;5558911.0;2924245.0;15012.0
2900;13432.0;5938961.0;2844048.0;13827.0
2910;13827.0;5637528.0;2795851.0;14222.0
2920;13828.0;5674665.0;3126122.0;18963.0
2930;13827.0;6078812.0;2915159.0;15013.0
2940;17383.0;5770269.0;2865381.0;15012.0
2950;15012.0;5789233.0;3089777.0;14617.0
2960;14617.0;6192985.0;2857480.0;14222.0
2970;15012.0;9753280.0;2889480.0;15407.0
2980;14617.0;6178368.0;3527504.0;26864.0
2990;13827.0;5944492.0;3026567.0;15802.0
3000;15407.0;6034170.0;3372641.0;15012.0
3010;15012.0;6469923.0;3087406.0;14617.0
3020;15802.0;6079998.0;3071999.0;15012.0
3030;14222.0;6104887.0;3336295.0;20938.0
3040;14617.0;6461232.0;3170369.0;16988.0
3050;15802.0;6847207.0;3181431.0;16197.0
3060;15013.0;6296097.0;3075159.0;15802.0
3070;15408.0;6364442.0;3644838.0;28840.0
3080;25284.0;7301923.0;3468640.0;16198.0
3090;60840.0;7919404.0;3540147.0;16198.0
3100;15408.0;7605725.0;3506962.0;15802.0
3110;15408.0;6767405.0;3421234.0;16198.0
3120;29630.0;9198613.0;5328986.0;41481.0
3130;28444.0;8012639.0;6110022.0;25284.0
3140;15803.0;8372935.0;3999603.0;16198.0
3150;15802.0;6661528.0;3531060.0;16197.0
3160;15803.0;6654812.0;3685134.0;25284.0
3170;18962.0;6710516.0;4092048.0;17778.0
3180;14617.0;7141923.0;3409777.0;16197.0
3190;15012.0;7201973.0;3415308.0;16593.0
3200;15012.0;6803751.0;3507751.0;16988.0
3210;15803.0;6849183.0;3622715.0;16987.0
3220;18568.0;6887898.0;3873973.0;17383.0
3230;15408.0;7311405.0;3504986.0;15407.0
3240;15407.0;7477726.0;3494320.0;18173.0
3250;16198.0;7502219.0;5333727.0;27260.0
3260;15408.0;7088984.0;3598221.0;15802.0
3270;15802.0;1.2313279E7;3664987.0;18568.0
3280;15803.0;1.1081082E7;3625480.0;17383.0
3290;15407.0;7476145.0;3625480.0;17383.0
3300;16593.0;7339454.0;3923356.0;16988.0
3310;17382.0;7397923.0;4039505.0;32395.0
3320;16593.0;7436639.0;4590616.0;17383.0
3330;25283.0;7428738.0;4135899.0;16987.0
3340;16592.0;7739256.0;3763752.0;16197.0
3350;15407.0;7863701.0;3694220.0;16988.0
3360;15407.0;7958516.0;3866073.0;16988.0
3370;15802.0;8001972.0;3813924.0;16592.0
3380;16197.0;7588342.0;3810763.0;19753.0
3390;16593.0;7625873.0;4066369.0;16988.0
3400;16593.0;1.2048193E7;4350023.0;16593.0
3410;17382.0;7736886.0;3963258.0;57284.0
3420;16197.0;7770861.0;4082961.0;19753.0
3430;16988.0;7806417.0;4357924.0;18963.0
3440;17383.0;7873972.0;4362270.0;16988.0
3450;36346.0;8007503.0;4214517.0;17383.0
3460;17777.0;8268639.0;4029628.0;16592.0
3470;16593.0;8349231.0;4005924.0;18568.0
3480;16198.0;8547157.0;4018961.0;18568.0
3490;16593.0;8513577.0;4100739.0;16987.0
3500;17383.0;8726910.0;4144591.0;18173.0
3510;17382.0;8638021.0;4176591.0;18963.0
3520;16592.0;8698465.0;4128394.0;18172.0
3530;20149.0;1.1607699E7;4169875.0;18173.0
3540;17383.0;8780243.0;4387949.0;31605.0
3550;16593.0;8901132.0;4310517.0;17383.0
3560;16988.0;8924836.0;4308541.0;17778.0
3570;16592.0;8918120.0;4275357.0;18172.0
3580;17777.0;9113281.0;4339356.0;67556.0
3590;16988.0;9159108.0;4331455.0;18962.0
3600;16987.0;9284737.0;4394269.0;18567.0
3610;16987.0;9327009.0;4406517.0;18568.0
3620;16988.0;9340440.0;4487504.0;17778.0
3630;16988.0;9461330.0;4434961.0;18962.0
3640;16988.0;9399305.0;4551109.0;18962.0
3650;16987.0;1.1294415E7;4550319.0;18173.0
3660;47013.0;1.0084736E7;6787158.0;32000.0
3670;17383.0;8988046.0;5006615.0;18173.0
3680;18568.0;8982910.0;5023998.0;18962.0
3690;18568.0;9040589.0;5076542.0;18568.0
3700;18173.0;9095108.0;4963949.0;18963.0
3710;18173.0;9133034.0;4841875.0;36345.0
3720;17383.0;9299355.0;4848986.0;19753.0
3730;17383.0;9584984.0;4731257.0;21334.0
3740;18173.0;9749724.0;4716640.0;19753.0
3750;17383.0;9790021.0;4720591.0;18568.0
3760;18173.0;9863107.0;4715455.0;18173.0
3770;33976.0;1.4055501E7;4846220.0;20544.0
3780;18963.0;9578663.0;5022023.0;25284.0
3790;19358.0;9535996.0;5240492.0;18963.0
3800;18568.0;9682959.0;5239702.0;18963.0
3810;18568.0;1.0025083E7;5142121.0;31210.0
3820;18568.0;1.0356144E7;4982911.0;19753.0
3830;19358.0;1.035733E7;4905874.0;20149.0
3840;18173.0;1.0401577E7;5080492.0;18963.0
3850;18172.0;1.0409873E7;5042171.0;18568.0
3860;29630.0;1.0127008E7;5143702.0;19358.0
3870;25284.0;1.004286E7;5542319.0;19358.0
3880;18568.0;1.5828537E7;5835454.0;19753.0
3890;18172.0;1.048691E7;5093529.0;20148.0
3900;18173.0;1.0633478E7;5035850.0;20149.0
3910;22914.0;1.0229329E7;5540343.0;20148.0
3920;19358.0;1.0236045E7;5706269.0;19753.0
3930;19753.0;1.0540243E7;5489776.0;32395.0
3940;19358.0;1.0785576E7;5197825.0;20148.0
3950;18173.0;1.0932143E7;5180048.0;19753.0
3960;18173.0;1.0794663E7;5272886.0;19753.0
3970;24494.0;1.0502712E7;5530862.0;19358.0
3980;19753.0;1.5011945E7;5994665.0;19358.0
3990;18963.0;1.1049477E7;5237726.0;20148.0
4000;18962.0;1.1024589E7;5415899.0;20148.0
4010;20543.0;1.0693922E7;5636343.0;19753.0
4020;19358.0;1.113481E7;5889973.0;20148.0
4030;22519.0;1.122607E7;5479899.0;21729.0
4040;22123.0;1.1275847E7;5414714.0;19753.0
4050;20938.0;1.1111502E7;5487801.0;19753.0
4060;19358.0;1.0940835E7;6044047.0;19753.0
4070;20938.0;1.1533823E7;5747751.0;20544.0
4080;19753.0;1.5986561E7;5747355.0;21729.0
4090;19753.0;1.1077131E7;6244344.0;20544.0
4100;19753.0;1.1633378E7;5818862.0;32000.0
4110;18963.0;1.1604933E7;5669923.0;21333.0
4120;19753.0;1.1610859E7;5545479.0;20543.0
4130;19754.0;1.1379748E7;6219849.0;20148.0
4140;20148.0;1.1861329E7;5831504.0;23704.0
4150;19358.0;1.1854218E7;5813726.0;20148.0
4160;24099.0;1.1488391E7;5976097.0;19753.0
4170;20148.0;1.1939946E7;6192985.0;20148.0
4180;24888.0;1.5634957E7;1.0859058E7;22123.0
4190;20148.0;1.20956E7;6140442.0;21729.0
4200;19358.0;1.2087304E7;5959899.0;21728.0
4210;21333.0;1.1843156E7;6497183.0;21333.0
4220;20939.0;1.2536094E7;6118713.0;25283.0
4230;19753.0;1.2297476E7;5999010.0;20543.0
4240;20148.0;1.1997625E7;6473084.0;22518.0
4250;22123.0;1.248039E7;6263306.0;32000.0
4260;20938.0;1.2399403E7;6175207.0;22519.0
4270;22518.0;1.2679106E7;1.1190119E7;21333.0
4280;26469.0;1.2697279E7;6153084.0;20939.0
4290;24889.0;1.2188045E7;6496787.0;20938.0
4300;20148.0;1.2726119E7;6320195.0;24494.0
4310;20938.0;1.2773921E7;6223405.0;20544.0
4320;21333.0;1.261076E7;6670615.0;22519.0
4330;20148.0;1.2875057E7;6260936.0;21333.0
4340;20938.0;1.2775896E7;6380639.0;21333.0
4350;21334.0;1.3291847E7;6760293.0;20938.0
4360;64790.0;1.2822908E7;8908638.0;45037.0
4370;21333.0;1.3179649E7;6841676.0;24494.0
4380;20938.0;1.3098266E7;6521676.0;21333.0
4390;23703.0;1.3282365E7;6825084.0;23704.0
4400;25284.0;1.3322266E7;6552887.0;22124.0
4410;23703.0;1.3139353E7;6961775.0;22124.0
4420;21333.0;1.3392587E7;6646121.0;27655.0
4430;24099.0;1.3145279E7;6695504.0;21729.0
4440;22914.0;1.3656093E7;1.1723057E7;43852.0
4450;21728.0;1.3722463E7;7222515.0;22518.0
4460;21333.0;1.3626463E7;6596343.0;26074.0
4470;23703.0;1.3488587E7;7291256.0;21728.0
4480;21333.0;1.3751698E7;6878417.0;24099.0
4490;22518.0;1.3387847E7;7395947.0;22123.0
4500;21729.0;1.3885229E7;6800195.0;24494.0
4510;24494.0;1.347555E7;7160491.0;22124.0
4520;44642.0;1.8674165E7;7012738.0;27259.0
4530;21729.0;1.4095007E7;7269133.0;24098.0
4540;22124.0;1.4094216E7;6918713.0;23309.0
4550;24098.0;1.4191007E7;7836046.0;22124.0
4560;25283.0;1.398597E7;7030516.0;23309.0
4570;21728.0;1.4333624E7;7257676.0;23309.0
4580;28840.0;1.3911698E7;7298367.0;22914.0
4590;21729.0;1.4416981E7;7099651.0;28445.0
4600;37530.0;1.4972044E7;1.1402662E7;22123.0
4610;48198.0;1.4301624E7;7190121.0;23309.0
4620;22123.0;1.4654414E7;7405824.0;24494.0
4630;24098.0;1.4205229E7;7391997.0;22124.0
4640;23309.0;1.4731451E7;7232787.0;23308.0
4650;22124.0;1.4804538E7;7783898.0;23308.0
4660;21729.0;1.4792686E7;7299948.0;23309.0
4670;23703.0;1.5058957E7;7887799.0;22518.0
4680;24099.0;1.507476E7;1.389313E7;23704.0
4690;24494.0;1.4906068E7;7336689.0;24099.0
4700;23309.0;1.5235155E7;7508540.0;26469.0
4710;23308.0;1.5179846E7;8044244.0;23703.0
4720;22123.0;1.513876E7;7442170.0;23704.0
4730;22914.0;1.5286512E7;8062812.0;22913.0
4740;35951.0;1.5215006E7;7929281.0;23309.0
4750;99951.0;1.6665673E7;1.1371452E7;24494.0
4760;24099.0;1.6102314E7;7771651.0;23704.0
4770;22913.0;1.5670512E7;8173033.0;23309.0
4780;24099.0;1.5838019E7;8216491.0;24099.0
4790;22518.0;1.5628636E7;7670911.0;24099.0
4800;22913.0;1.5687895E7;8142219.0;23703.0
4810;24099.0;1.5883845E7;8272194.0;24494.0
4820;25284.0;2.2119893E7;7928096.0;22914.0
4830;23704.0;1.5895302E7;7885429.0;24099.0
4840;24099.0;1.5947846E7;8123256.0;43852.0
4850;23703.0;1.607545E7;8421923.0;23703.0
4860;24098.0;1.6568883E7;7901626.0;24098.0
4870;23309.0;1.610666E7;7947059.0;24889.0
4880;22913.0;1.6223598E7;8577972.0;23309.0
4890;25679.0;2.0793275E7;8674367.0;23309.0
4900;24099.0;1.6364635E7;8703996.0;25284.0
4910;26469.0;1.6349228E7;8306960.0;24098.0
4920;24098.0;1.6475648E7;7960095.0;25679.0
4930;24099.0;1.652108E7;8762070.0;24099.0
4940;24494.0;1.6671994E7;8932737.0;24889.0
4950;50963.0;1.6602858E7;8420343.0;24098.0
4960;23703.0;2.4564139E7;8275750.0;24889.0
4970;25679.0;1.7681376E7;1.437392E7;45827.0
4980;25679.0;1.6927598E7;8852934.0;25679.0
4990;24889.0;1.7017672E7;8815009.0;25284.0
5000;25284.0;1.6926018E7;8368984.0;26074.0
5010;23703.0;1.700345E7;8443651.0;29630.0
5020;39506.0;2.4149324E7;8852144.0;25284.0
5030;23703.0;1.7159104E7;8535700.0;28050.0
5040;25284.0;1.7272092E7;9388638.0;26864.0
5050;25284.0;1.7374808E7;9065872.0;24494.0
5060;24099.0;1.7499252E7;9140144.0;29630.0
5070;25679.0;1.7538364E7;9345181.0;26074.0
5080;27260.0;1.7899845E7;8976194.0;24494.0
5090;25679.0;1.7826758E7;1.5116636E7;27259.0
5100;25284.0;1.784098E7;9441577.0;24889.0
5110;28840.0;1.7925919E7;9111700.0;24494.0
5120;24494.0;1.831387E7;8573231.0;24889.0
5130;24889.0;1.7862709E7;8892441.0;27654.0
5140;24099.0;1.7886808E7;8808293.0;25679.0
5150;24888.0;2.287446E7;8875848.0;26469.0
5160;24888.0;1.8045227E7;9019256.0;25679.0
5170;24099.0;1.8078808E7;8974219.0;26865.0
5180;24494.0;1.8270412E7;9208490.0;73481.0
5190;24889.0;1.8407104E7;9720094.0;27260.0
5200;25284.0;1.8373129E7;9502021.0;28050.0
5210;26864.0;2.0355548E7;9718119.0;25679.0
5220;28839.0;1.8500734E7;9468045.0;67556.0
5230;25284.0;1.8512586E7;9483058.0;45827.0
5240;24889.0;1.8602265E7;9624095.0;27655.0
5250;25679.0;1.8712486E7;9703897.0;25679.0
5260;25284.0;1.8742511E7;9775008.0;26074.0
5270;25679.0;1.9143893E7;9702317.0;25679.0
5280;28444.0;1.9418461E7;1.5274266E7;30025.0
5290;25284.0;1.9359993E7;9322268.0;26864.0
5300;30025.0;1.9480091E7;1.0048786E7;26469.0
5310;48593.0;1.9562264E7;9395749.0;26469.0
5320;31605.0;1.9456783E7;9416293.0;26864.0
5330;28445.0;1.9646807E7;9792786.0;26864.0
5340;26469.0;1.9290857E7;1.5598216E7;54913.0
5350;25679.0;1.9408585E7;1.0149131E7;27655.0
5360;25679.0;1.9508536E7;9970959.0;26864.0
5370;25284.0;1.9491942E7;1.0057872E7;29235.0
5380;25679.0;1.9601375E7;9987552.0;37926.0
5390;26469.0;2.4273373E7;9709033.0;29629.0
5400;26469.0;1.9821819E7;1.0428046E7;28049.0
5410;26074.0;1.9844338E7;1.0446218E7;26469.0
5420;27654.0;2.2219448E7;1.0681675E7;26864.0
5430;28839.0;2.4454311E7;1.1153773E7;30025.0
5440;26865.0;2.0228732E7;1.0613724E7;27655.0
5450;26469.0;2.5882064E7;1.0582514E7;27259.0
5460;27654.0;2.0337769E7;1.0129379E7;30419.0
5470;25679.0;2.0858461E7;1.0034169E7;28049.0
5480;27260.0;2.0650658E7;1.0006514E7;28840.0
5490;28444.0;2.0477226E7;1.0378267E7;27260.0
5500;28049.0;2.0495794E7;1.0718811E7;26469.0
5510;33975.0;2.1028338E7;1.5821426E7;27259.0
5520;28445.0;2.1475152E7;1.0184687E7;27259.0
5530;28049.0;2.1362955E7;1.1940341E7;30419.0
5540;28049.0;2.222972E7;1.1883453E7;27654.0
5550;28049.0;2.2756337E7;1.1077131E7;35555.0
5560;45432.0;2.373925E7;2.2189818E7;28049.0
5570;29629.0;2.1679004E7;1.1597822E7;43062.0
5580;27259.0;2.1003053E7;1.1199206E7;31605.0
5590;26469.0;2.1450658E7;1.061728E7;33185.0
5600;30025.0;2.1523745E7;1.0531551E7;26864.0
5610;67160.0;2.2998114E7;1.4299254E7;27260.0
5620;33976.0;2.1925917E7;1.0632687E7;29630.0
5630;27654.0;2.1549818E7;1.1136391E7;28445.0
5640;27259.0;2.1525325E7;1.1281773E7;27259.0
5650;27655.0;2.1673473E7;1.1090169E7;28839.0
5660;26864.0;2.8287594E7;1.0915156E7;29234.0
5670;27259.0;2.2000584E7;1.1179847E7;28445.0
5680;26864.0;2.2253423E7;1.0854316E7;30024.0
5690;28444.0;2.2046807E7;1.1440588E7;28840.0
5700;27654.0;2.2036139E7;1.1439798E7;28444.0
5710;27654.0;2.4396238E7;1.1105576E7;28839.0
5720;28840.0;2.2341127E7;1.2947748E7;49778.0
5730;27655.0;2.2482559E7;1.1333527E7;29629.0
5740;30025.0;2.2530361E7;1.0982317E7;28444.0
5750;28050.0;2.2447398E7;1.1677625E7;29235.0
5760;28050.0;2.5578261E7;1.1399896E7;30419.0
5770;28050.0;2.2497571E7;1.1757823E7;41876.0
5780;28840.0;2.2903695E7;1.174044E7;28444.0
5790;29235.0;2.286893E7;1.1508144E7;29235.0
5800;28049.0;2.2766213E7;1.1884637E7;28049.0
5810;30024.0;2.3265966E7;1.1682761E7;33976.0
5820;28839.0;2.2855102E7;1.7266957E7;29235.0
5830;28839.0;2.3349719E7;1.1378168E7;30420.0
5840;31605.0;2.3048682E7;1.2162365E7;28445.0
5850;28839.0;2.3681176E7;1.1794168E7;75457.0
5860;30024.0;2.3212633E7;1.2306168E7;28050.0
5870;52148.0;2.335288E7;1.854261E7;29235.0
5880;30025.0;2.3359595E7;1.2296686E7;29234.0
5890;29629.0;2.3784287E7;1.1683156E7;32000.0
5900;28050.0;2.3541324E7;1.2373724E7;28445.0
5910;28049.0;2.9047297E7;1.2075452E7;31210.0
5920;30419.0;2.4271398E7;1.2339748E7;32790.0
5930;29235.0;2.3917028E7;1.2403353E7;29234.0
5940;28840.0;2.4247694E7;1.2223205E7;29630.0
5950;29630.0;2.4039102E7;1.2349229E7;30420.0
5960;28444.0;2.88711E7;1.251239E7;30024.0
5970;29234.0;2.4097966E7;1.2562167E7;29234.0
5980;29629.0;2.4458657E7;1.2152094E7;30025.0
5990;30419.0;2.43192E7;1.2590612E7;29629.0
6000;41481.0;2.4538064E7;1.2269823E7;30420.0
6010;37135.0;2.4693719E7;1.728987E7;30024.0
6020;28839.0;2.4788534E7;1.2765624E7;32395.0
6030;36741.0;2.4630509E7;1.254202E7;29235.0
6040;29234.0;2.5046509E7;1.2991995E7;28840.0
6050;29630.0;3.3949616E7;1.283634E7;30025.0
6060;30814.0;2.6442261E7;1.3756834E7;30420.0
6070;30815.0;2.8279692E7;1.4599501E7;71111.0
6080;40296.0;2.5140929E7;1.3611847E7;30815.0
6090;33185.0;2.5463694E7;1.2813427E7;31210.0
6100;30024.0;2.5722064E7;1.9952585E7;29629.0
6110;28839.0;2.5612237E7;1.2973822E7;30420.0
6120;29630.0;2.5388632E7;1.3086809E7;30420.0
6130;29629.0;2.5885224E7;1.3186365E7;30024.0
6140;29234.0;3.1502605E7;1.3223106E7;30024.0
6150;31210.0;2.5763545E7;1.337323E7;32791.0
6160;29235.0;2.5646607E7;1.366518E7;30815.0
6170;30024.0;2.6107249E7;1.3482662E7;30815.0
6180;29235.0;2.6096582E7;1.3383501E7;30420.0
6190;31210.0;2.6247891E7;1.9419252E7;30815.0
6200;33975.0;2.5928682E7;1.3684143E7;30815.0
6210;32000.0;2.6346262E7;1.3142908E7;31605.0
6220;31210.0;2.6595545E7;1.3603945E7;31210.0
6230;30025.0;3.2001568E7;1.363397E7;30420.0
6240;31210.0;2.668799E7;1.3754069E7;33185.0
6250;30024.0;2.6458064E7;1.3651748E7;30815.0
6260;34370.0;2.649915E7;1.3593674E7;32395.0
6270;32000.0;2.9223494E7;1.3749328E7;33975.0
6280;32790.0;3.2397024E7;1.3811748E7;51358.0
6290;43457.0;2.7565816E7;1.4808883E7;34765.0
6300;33580.0;2.7038409E7;1.3625279E7;67160.0
6310;31605.0;2.7198804E7;1.3948044E7;31209.0
6320;45037.0;2.7002063E7;2.2633473E7;31210.0
6330;31210.0;2.7457174E7;1.4008883E7;33185.0
6340;35161.0;2.7568977E7;1.443397E7;31210.0
6350;31210.0;2.7629816E7;1.4021525E7;32000.0
6360;33581.0;2.7852631E7;2.0208189E7;31605.0
6370;31605.0;2.7848285E7;1.4455303E7;32000.0
6380;30420.0;2.7830507E7;1.4622019E7;39111.0
6390;31210.0;2.7936384E7;1.4328488E7;33976.0
6400;33580.0;2.8050162E7;2.0866757E7;32790.0
6410;33185.0;2.8070705E7;1.4443846E7;31210.0
6420;31605.0;2.8212532E7;1.4508637E7;31605.0
6430;33975.0;2.8270211E7;1.4582908E7;32000.0
6440;57679.0;3.0573025E7;1.6301821E7;31605.0
6450;32000.0;2.8406112E7;1.4708537E7;32000.0
6460;31605.0;2.8630902E7;1.4780834E7;31605.0
6470;30814.0;2.8640779E7;1.4891846E7;31605.0
6480;32000.0;3.4568283E7;1.4527599E7;31605.0
6490;34370.0;2.8857668E7;1.4635056E7;32000.0
6500;32000.0;2.9010556E7;1.4772142E7;32000.0
6510;31605.0;2.9017273E7;1.4983895E7;31605.0
6520;31605.0;3.3528875E7;1.4836537E7;31605.0
6530;32000.0;2.9091149E7;1.4686809E7;31999.0
6540;32000.0;2.970626E7;1.4905278E7;32790.0
6550;37136.0;3.3311987E7;1.6323944E7;32395.0
6560;36741.0;3.7802651E7;1.6803154E7;50173.0
6570;88098.0;3.0596333E7;1.5604932E7;35951.0
6580;33185.0;3.0149914E7;1.8119894E7;37136.0
6590;33580.0;2.973984E7;1.5291648E7;33580.0
6600;33580.0;2.9747742E7;2.1480288E7;33185.0
6610;32000.0;2.9953568E7;1.5075155E7;32791.0
6620;36346.0;2.9782506E7;1.5926117E7;35556.0
6630;37531.0;2.9840185E7;1.5084636E7;32790.0
6640;32000.0;3.0209173E7;2.2012831E7;35555.0
6650;31605.0;3.0256186E7;1.5484834E7;33580.0
6660;32000.0;3.0322161E7;1.5411747E7;33975.0
6670;35951.0;3.0390902E7;1.5574117E7;32790.0
6680;33975.0;3.0547741E7;1.744908E7;55309.0
6690;32790.0;3.0618852E7;1.5842364E7;32790.0
6700;33185.0;3.0706555E7;1.5450858E7;32790.0
6710;31605.0;3.4674554E7;1.5791796E7;33580.0
6720;39902.0;3.140226E7;1.5555154E7;36346.0
6730;33185.0;3.1265963E7;1.5786661E7;33185.0
6740;32790.0;3.112295E7;1.6032784E7;32790.0
6750;33185.0;3.8085121E7;1.5985376E7;33185.0
6760;33580.0;3.1191692E7;1.6608784E7;33975.0
6770;32790.0;3.1421617E7;1.5924932E7;36346.0
6780;32395.0;3.1299149E7;1.6337772E7;33976.0
6790;51358.0;3.775959E7;2.15593E7;72692.0
6800;68741.0;3.1836037E7;1.5896487E7;72692.0
6810;32790.0;3.1884629E7;1.5995253E7;33185.0
6820;32790.0;3.708838E7;1.6203845E7;34370.0
6830;33975.0;3.1917024E7;1.6383993E7;41481.0
6840;33581.0;3.230379E7;1.6502907E7;34766.0
6850;33975.0;3.194784E7;1.6193179E7;33580.0
6860;33975.0;3.8132528E7;1.6198315E7;34765.0
6870;37136.0;3.2312481E7;1.6543599E7;34765.0
6880;35951.0;3.2084136E7;1.6469722E7;39111.0
6890;33580.0;3.243732E7;1.6854117E7;35555.0
6900;33976.0;3.2366604E7;2.1846905E7;34765.0
6910;34370.0;3.2843049E7;1.6734808E7;44247.0
6920;33185.0;3.2651049E7;1.6872684E7;33975.0
6930;35951.0;3.8948725E7;1.6555846E7;33186.0
6940;35160.0;3.2848185E7;1.6926413E7;33975.0
6950;36741.0;3.2897963E7;1.6864784E7;35555.0
6960;38321.0;3.4833764E7;2.0039103E7;33975.0
6970;71111.0;3.9731342E7;2.2852337E7;82568.0
6980;38716.0;3.4662308E7;1.790498E7;35161.0
6990;52938.0;3.4878801E7;1.7637919E7;35556.0
7000;34371.0;3.7377171E7;1.7208091E7;35556.0
7010;35556.0;3.3509518E7;1.731871E7;33976.0
7020;34370.0;3.3601963E7;1.7044537E7;33975.0
7030;49383.0;3.3895888E7;1.7705079E7;35951.0
7040;35160.0;3.4180332E7;2.486241E7;35161.0
7050;35161.0;3.3837023E7;1.7347154E7;35555.0
7060;34370.0;3.4105271E7;1.7827943E7;34370.0
7070;33185.0;3.987633E7;1.7589326E7;35160.0
7080;34370.0;3.4275543E7;1.7444734E7;39111.0
7090;34370.0;3.4443839E7;1.7743005E7;34765.0
7100;73877.0;4.7086204E7;2.3811942E7;45037.0
7110;44642.0;3.4665863E7;1.7619746E7;34765.0
7120;34766.0;3.4545369E7;1.7789228E7;35556.0
7130;39901.0;3.5231986E7;1.7789623E7;35555.0
7140;38321.0;3.4913566E7;2.405925E7;36741.0
7150;35161.0;3.4694307E7;1.7858759E7;35951.0
7160;34371.0;3.5000876E7;1.8105672E7;39901.0
7170;34766.0;3.9443342E7;1.8121079E7;35161.0
7180;35160.0;3.5046308E7;1.7770265E7;36346.0
7190;35950.0;3.5243048E7;1.8498758E7;94420.0
7200;33976.0;4.1375588E7;1.812345E7;35950.0
7210;35951.0;3.529322E7;1.8241573E7;36346.0
7220;35161.0;3.6033171E7;1.8500734E7;36741.0
7230;48593.0;3.6094801E7;1.8631894E7;35556.0
7240;36346.0;3.5781911E7;2.4976188E7;38321.0
7250;35950.0;3.6045813E7;1.8349425E7;36741.0
7260;36346.0;3.593322E7;1.8391302E7;36346.0
7270;36741.0;4.1689663E7;1.8537869E7;37926.0
7280;37531.0;3.6037912E7;1.8810462E7;37926.0
7290;35160.0;3.6604825E7;1.8265277E7;35556.0
7300;39901.0;4.1204922E7;1.8736585E7;35555.0
7310;37530.0;3.6249665E7;1.8851943E7;37926.0
7320;35555.0;3.6623393E7;1.8562758E7;39111.0
7330;41877.0;3.859554E7;1.8895005E7;35951.0
7340;37926.0;3.8179935E7;2.2863794E7;59654.0
7350;37926.0;3.9390009E7;2.0666461E7;43062.0
7360;38321.0;3.8680478E7;2.1276436E7;37926.0
7370;120099.0;3.7093121E7;1.9817078E7;64000.0
7380;35555.0;3.7177664E7;1.9096881E7;65185.0
7390;57679.0;3.6980924E7;1.8626758E7;37926.0
7400;40691.0;3.785638E7;2.2068929E7;49778.0
7410;37926.0;3.8024281E7;1.9329177E7;36346.0
7420;36741.0;3.8465565E7;2.0822905E7;37136.0
7430;37136.0;3.7643046E7;2.7626261E7;35951.0
7440;46223.0;3.766201E7;1.9673276E7;36741.0
7450;38716.0;3.7901812E7;1.9057375E7;37531.0
7460;41086.0;3.7878108E7;2.5348731E7;41481.0
7470;44247.0;3.7975689E7;1.9225671E7;35950.0
7480;36740.0;3.8335984E7;1.9176289E7;37531.0
7490;60049.0;3.8219047E7;2.5180434E7;37926.0
7500;72296.0;3.8740528E7;1.9802066E7;36346.0
7510;37136.0;3.8659541E7;1.9499844E7;40296.0
7520;149333.0;4.3329958E7;2.069135E7;37531.0
7530;37926.0;3.872433E7;2.0190807E7;37531.0
7540;35951.0;3.872117E7;2.0874263E7;37136.0
7550;64790.0;3.910517E7;2.4719398E7;37926.0
7560;35951.0;3.8871294E7;1.9917029E7;37531.0
7570;36346.0;3.8813615E7;2.0841079E7;45432.0
7580;59654.0;4.2876823E7;2.0960387E7;37136.0
7590;37136.0;3.9530256E7;2.0206215E7;37531.0
7600;38321.0;3.9673663E7;2.0067943E7;37136.0
7610;39111.0;3.9397515E7;2.7499446E7;38321.0
7620;43062.0;3.9598997E7;2.04073E7;37926.0
7630;38320.0;3.9588725E7;2.0802362E7;37531.0
7640;38321.0;4.0505663E7;2.7379347E7;39111.0
7650;36741.0;4.0510008E7;2.1017276E7;38716.0
7660;37926.0;4.0320379E7;2.0414017E7;36741.0
7670;37530.0;3.993954E7;2.6911594E7;41876.0
7680;38716.0;4.0169861E7;2.0655004E7;41876.0
7690;37136.0;4.0669613E7;2.0905473E7;43062.0
7700;38321.0;4.0688182E7;2.4394657E7;61629.0
7710;39111.0;4.061312E7;2.0918115E7;39902.0
7720;39111.0;4.5585365E7;2.1611054E7;38716.0
7730;38716.0;4.1052033E7;2.1693621E7;38321.0
7740;37531.0;4.1014898E7;2.0579548E7;37926.0
7750;41086.0;4.6343488E7;2.2012041E7;38716.0
7760;38321.0;4.1400083E7;2.0796831E7;37926.0
7770;37530.0;4.1381119E7;2.1520584E7;37531.0
7780;43062.0;4.7301117E7;2.152572E7;47012.0
7790;37926.0;4.1585761E7;2.1133028E7;38321.0
7800;39111.0;4.1648971E7;2.1468436E7;37531.0
7810;43062.0;4.6796624E7;2.1080486E7;38717.0
7820;36741.0;4.1907341E7;2.1620139E7;42272.0
7830;37926.0;4.3525514E7;2.181451E7;41877.0
7840;55704.0;5.0657956E7;2.7929273E7;42272.0
7850;38321.0;4.2328873E7;2.1872584E7;122074.0
7860;39111.0;4.2512575E7;2.168572E7;38321.0
7870;39112.0;4.2037317E7;2.5546261E7;63605.0
7880;43062.0;4.2485711E7;2.1808979E7;41481.0
7890;71902.0;4.6763438E7;2.1871399E7;38716.0
7900;39111.0;4.2907637E7;2.1537177E7;39111.0
7910;38716.0;4.2719983E7;2.1781325E7;38716.0
7920;48593.0;4.8437709E7;2.2603448E7;38321.0
7930;37531.0;4.2949118E7;2.1965028E7;39111.0
7940;40296.0;4.2773711E7;2.2409867E7;39506.0
7950;39901.0;4.3071193E7;2.7973915E7;41086.0
7960;38320.0;4.353144E7;2.2919497E7;43457.0
7970;39901.0;4.3442156E7;2.4453521E7;46617.0
7980;42271.0;4.3729761E7;2.588957E7;74666.0
7990;43457.0;4.3569761E7;2.25513E7;39506.0
8000;40297.0;4.998003E7;2.2534312E7;75456.0
8010;41481.0;4.5597611E7;2.3914657E7;43061.0
8020;44247.0;4.5613809E7;2.2772929E7;39506.0
8030;41482.0;4.4325908E7;3.2062012E7;47012.0
8040;42667.0;4.4573217E7;2.2709325E7;54914.0
8050;45432.0;5.0765808E7;2.2637423E7;39111.0
8060;41481.0;4.4150501E7;2.3271892E7;45432.0
8070;39506.0;4.4645909E7;2.3341028E7;113383.0
8080;43457.0;4.9446697E7;2.2670213E7;39507.0
8090;38716.0;4.5276031E7;2.2705374E7;39902.0
8100;42666.0;4.5349513E7;2.5523743E7;50173.0
8110;43456.0;4.5334106E7;2.9974902E7;39506.0
8120;41087.0;4.4691736E7;2.3703299E7;39506.0
8130;38321.0;5.0403141E7;2.2795448E7;41481.0
8140;40296.0;4.5477513E7;2.373767E7;66766.0
8150;39901.0;4.523455E7;2.357609E7;41482.0
8160;39901.0;5.3652127E7;2.3104781E7;39901.0
8170;39506.0;4.5540328E7;2.3244238E7;39506.0
8180;40296.0;4.5956328E7;2.3676435E7;39506.0
8190;42667.0;4.5996229E7;3.1677222E7;41482.0
8200;41876.0;4.5567982E7;2.3753472E7;39901.0
8210;38716.0;5.0937264E7;2.3507349E7;45432.0
8220;41087.0;4.5931834E7;2.367762E7;42666.0
8230;40691.0;4.6777266E7;2.457915E7;41087.0
8240;39506.0;4.654971E7;2.9816087E7;40691.0
8250;40296.0;4.6548524E7;2.4864386E7;40691.0
8260;75457.0;5.2031585E7;2.524878E7;43456.0
8270;46222.0;4.642408E7;2.4039891E7;40692.0
8280;40691.0;4.6713661E7;2.4728089E7;41482.0
8290;41087.0;4.6824277E7;3.0438704E7;42271.0
8300;47408.0;4.7111488E7;2.4724928E7;41876.0
8310;40691.0;5.2395436E7;2.4229126E7;40692.0
8320;44642.0;4.8235437E7;2.5306459E7;97580.0
8330;42666.0;4.8353956E7;2.4772336E7;41481.0
8340;41087.0;4.7522352E7;3.0398802E7;40691.0
8350;39507.0;4.7535388E7;2.4458657E7;41482.0
8360;43062.0;5.3452621E7;2.534162E7;40296.0
8370;42272.0;4.7947833E7;2.4950509E7;40296.0
8380;41877.0;4.7907142E7;2.518162E7;41877.0
8390;45432.0;4.8099537E7;3.1860136E7;40297.0
8400;39901.0;4.8326697E7;2.5648977E7;41481.0
8410;41482.0;5.4028225E7;2.5297768E7;40691.0
8420;39901.0;5.0068523E7;2.4956435E7;41086.0
8430;42272.0;4.8650252E7;2.518162E7;40691.0
8440;43062.0;5.0739338E7;3.1181814E7;41877.0
8450;106272.0;5.1135585E7;2.7723841E7;42272.0
8460;45037.0;5.2897164E7;2.5135792E7;40691.0
8470;41877.0;4.9394549E7;2.5638311E7;41876.0
8480;43062.0;5.3970547E7;2.5712582E7;41481.0
8490;43457.0;4.9332919E7;2.6624385E7;45827.0
8500;42666.0;4.9222697E7;2.5779348E7;45037.0
8510;41876.0;4.9332523E7;3.1725419E7;41481.0
8520;46618.0;4.9705067E7;2.5970558E7;42271.0
8530;43457.0;5.3982004E7;2.7032088E7;41482.0
8540;42272.0;4.9842154E7;2.5999792E7;50568.0
8550;49382.0;5.0138844E7;2.627357E7;41086.0
8560;42272.0;5.0014005E7;2.7820236E7;76247.0
8570;45433.0;5.0006894E7;2.569678E7;83753.0
8580;80198.0;5.373667E7;3.1119E7;42667.0
8590;42272.0;5.040077E7;2.6793866E7;45037.0
8600;41876.0;5.5598201E7;2.5654508E7;43456.0
8610;65185.0;5.0932128E7;2.6321768E7;44641.0
8620;45432.0;5.142793E7;2.6282261E7;42271.0
8630;124049.0;5.0623585E7;3.1743593E7;86913.0
8640;44247.0;5.1841955E7;2.5729175E7;43852.0
8650;77432.0;5.7567978E7;2.6736977E7;42667.0
8660;42666.0;5.1342597E7;2.5937768E7;48197.0
8670;130765.0;5.6169064E7;2.6050756E7;52148.0
8680;42667.0;5.1559486E7;2.7072384E7;42666.0
8690;43062.0;5.162072E7;2.6998903E7;41877.0
8700;54519.0;5.1831288E7;2.7160878E7;74666.0
8710;49382.0;5.2069905E7;2.7873174E7;42271.0
8720;42272.0;5.2951683E7;3.2041074E7;43062.0
8730;46617.0;5.4961756E7;2.9362952E7;43852.0
8740;98371.0;6.1788816E7;2.9162655E7;61630.0
8750;46222.0;5.2543189E7;2.7956927E7;43852.0
8760;45037.0;5.745578E7;2.7261619E7;43062.0
8770;42271.0;5.2786152E7;2.8257569E7;47012.0
8780;46617.0;5.2857658E7;2.7385273E7;44642.0
8790;43457.0;5.3155535E7;2.9236137E7;75457.0
8800;47407.0;5.2983683E7;2.890152E7;41877.0
8810;47012.0;5.3107337E7;3.4870899E7;42667.0
8820;43062.0;5.2874646E7;2.7984582E7;44246.0
8830;42667.0;5.8106051E7;2.7582014E7;43062.0
8840;43851.0;5.3434053E7;2.8880976E7;43062.0
8850;54124.0;5.9493902E7;2.7082656E7;88493.0
8860;41086.0;5.3916818E7;2.7945076E7;43457.0
8870;44642.0;5.7140916E7;2.688868E7;54914.0
8880;42272.0;5.4134892E7;2.8060433E7;45037.0
8890;46222.0;5.3926695E7;2.9050853E7;42667.0
8900;47408.0;5.4185855E7;3.3774999E7;45037.0
8910;48198.0;5.3996226E7;2.8501717E7;44247.0
8920;46223.0;5.4365213E7;3.4856678E7;47407.0
8930;43061.0;5.4684818E7;2.7942309E7;44246.0
8940;45827.0;5.9568569E7;2.9487396E7;45037.0
8950;50173.0;5.4714843E7;2.7721076E7;42271.0
8960;43852.0;6.6288171E7;2.8893223E7;44247.0
8970;71506.0;5.893252E7;3.6744282E7;46223.0
8980;48593.0;6.0625754E7;3.0494013E7;45827.0
8990;78617.0;5.5261607E7;2.8133519E7;52148.0
9000;43061.0;6.0167087E7;2.9474359E7;43457.0
9010;43456.0;5.5150201E7;2.8948137E7;44247.0
9020;54913.0;6.0937457E7;2.810231E7;44247.0
9030;57679.0;5.5474546E7;2.9135001E7;46617.0
9040;49383.0;6.0621803E7;2.8856482E7;43457.0
9050;43852.0;5.5652323E7;2.9279198E7;45432.0
9060;47408.0;5.617262E7;3.1269518E7;43851.0
9070;47803.0;5.6177755E7;3.0186655E7;73876.0
9080;43851.0;5.6993558E7;2.8888877E7;78618.0
9090;46222.0;5.7217558E7;3.6401368E7;44642.0
9100;44247.0;5.7908126E7;2.9822013E7;45828.0
9110;50963.0;5.6859237E7;3.6724924E7;44247.0
9120;45037.0;5.7471187E7;3.0767395E7;44247.0
9130;58074.0;5.6861212E7;3.7300529E7;44247.0
9140;44247.0;5.7178842E7;2.9401668E7;45827.0
9150;78617.0;6.0544371E7;3.0365618E7;44247.0
9160;52543.0;5.7694792E7;3.1252926E7;45828.0
9170;45432.0;6.3124913E7;2.9680186E7;44247.0
9180;45827.0;5.8677311E7;3.0642951E7;51753.0
9190;47012.0;6.2878395E7;3.0064976E7;44247.0
9200;45827.0;5.8373113E7;3.0644927E7;45432.0
9210;47013.0;6.9618935E7;3.1307444E7;46618.0
9220;53728.0;5.8745656E7;3.1189321E7;46222.0
9230;43852.0;6.3473752E7;3.2207789E7;45037.0
9240;77037.0;5.8060619E7;2.970468E7;48593.0
9250;47803.0;6.3303481E7;3.0321766E7;45827.0
9260;86914.0;5.8378248E7;2.9830705E7;48593.0
9270;48592.0;6.3433456E7;3.0815198E7;53728.0
9280;48197.0;5.8584866E7;3.1657073E7;48592.0
9290;47803.0;6.480511E7;3.1416087E7;58074.0
9300;49383.0;6.2358889E7;3.1131247E7;44642.0
9310;47012.0;6.5305258E7;3.0901716E7;45432.0
9320;45037.0;6.1360963E7;3.1819049E7;45827.0
9330;48197.0;6.5855579E7;3.5601764E7;68346.0
9340;45827.0;6.0615878E7;3.1406605E7;45827.0
9350;45037.0;6.5181604E7;3.130942E7;45432.0
9360;54123.0;5.9627433E7;3.0562359E7;86913.0
9370;52543.0;6.6511777E7;3.1255691E7;55704.0
9380;45432.0;6.0594544E7;3.1247395E7;46222.0
9390;48988.0;6.5208468E7;3.1319296E7;45037.0
9400;47803.0;6.0589013E7;3.0886309E7;46222.0
9410;48198.0;6.4992765E7;3.1488382E7;47013.0
9420;45432.0;6.0490643E7;3.1514457E7;47012.0
9430;45037.0;6.6396419E7;3.1349716E7;50173.0
9440;45432.0;6.1109704E7;3.2108234E7;46222.0
9450;46618.0;6.5689653E7;3.2549913E7;48988.0
9460;60839.0;6.1546642E7;3.256058E7;51753.0
9470;67950.0;6.6477801E7;3.2703197E7;45827.0
9480;50172.0;6.149963E7;3.2080184E7;52148.0
9490;47802.0;6.1726395E7;3.8058652E7;49777.0
9500;46222.0;6.1712963E7;3.3579839E7;45827.0
9510;48988.0;6.1996618E7;3.9339442E7;50568.0
9520;46222.0;6.223879E7;3.2659345E7;47013.0
9530;48198.0;6.1946445E7;3.9351688E7;47407.0
9540;45827.0;6.2088271E7;3.3024777E7;46617.0
9550;59259.0;6.2085901E7;3.8987046E7;47012.0
9560;47012.0;6.6674147E7;3.2461814E7;47802.0
9570;47802.0;6.7189307E7;3.339337E7;47802.0
9580;73481.0;7.2378836E7;3.9770453E7;47012.0
9590;46222.0;6.2931333E7;3.2771147E7;47013.0
9600;53333.0;6.8604022E7;3.2812629E7;59655.0
9610;47013.0;6.3279777E7;3.2899148E7;50963.0
9620;58074.0;6.7907528E7;3.2391098E7;49383.0
9630;49383.0;6.3430691E7;3.3888381E7;47408.0
9640;50963.0;6.3690246E7;4.0752971E7;49777.0
9650;48593.0;6.3738839E7;3.2905073E7;47012.0
9660;47012.0;6.6989801E7;3.9213022E7;54518.0
9670;49383.0;7.2875823E7;3.5510504E7;61234.0
9680;52938.0;6.5781307E7;4.0550305E7;63605.0
9690;49382.0;6.9353454E7;3.4364826E7;47013.0
9700;46617.0;6.4466148E7;3.3559691E7;48988.0
9710;49382.0;6.8898343E7;3.3264974E7;47802.0
9720;53333.0;6.464116E7;3.4064974E7;49778.0
9730;47408.0;7.0407084E7;3.3673864E7;51753.0
9740;47012.0;6.532027E7;3.4562357E7;49778.0
9750;82567.0;6.6794245E7;3.5608085E7;48593.0
9760;55704.0;6.5981999E7;3.5388431E7;50173.0
9770;52938.0;6.5340814E7;4.3054205E7;47408.0
9780;46617.0;6.9160664E7;3.4859443E7;47407.0
9790;48987.0;6.5255481E7;3.7097072E7;48197.0
9800;51358.0;7.0707725E7;3.5021418E7;52938.0
9810;48197.0;6.5912863E7;3.4551295E7;54123.0
9820;46617.0;7.0651627E7;3.3998209E7;47408.0
9830;47407.0;6.6282245E7;3.4209172E7;48987.0
9840;49383.0;7.1600564E7;3.6157616E7;49383.0
9850;49383.0;6.640748E7;3.5561862E7;54123.0
9860;47802.0;6.6394838E7;4.3051835E7;47803.0
9870;56889.0;7.0755923E7;3.727801E7;48198.0
9880;47802.0;6.6912763E7;3.602764E7;53333.0
9890;50568.0;7.2847774E7;3.5949022E7;47803.0
9900;50568.0;6.8462195E7;3.8071689E7;48197.0
9910;53729.0;8.3655473E7;3.5555147E7;57284.0
9920;61630.0;7.0157405E7;3.9779935E7;50963.0
9930;48592.0;6.8918096E7;4.3806403E7;51753.0
9940;56099.0;7.481281E7;3.7690454E7;50963.0
9950;48592.0;6.923375E7;3.7962651E7;49778.0
9960;50567.0;7.5180217E7;3.8305565E7;49383.0
9970;87309.0;7.9064462E7;3.6399788E7;49382.0
9980;109037.0;7.0684417E7;5.6048965E7;49778.0
9990;69136.0;7.4784761E7;3.740285E7;49778.0
10000;51753.0;7.0025059E7;3.6738356E7;94814.0

