Java Sort
Count;Sorted;Reverse;Random;Same
0;1185.0;790.0;5136.0;358716.0
10;3555.0;3555.0;25284.0;21333.0
20;4345.0;5135.0;19753.0;7901.0
30;5136.0;7506.0;28839.0;15408.0
40;13432.0;11456.0;67950.0;60444.0
50;6716.0;7111.0;43852.0;13827.0
60;8296.0;9087.0;41481.0;11852.0
70;10272.0;11852.0;65580.0;15013.0
80;9482.0;15803.0;64790.0;14617.0
90;6716.0;7902.0;47408.0;11062.0
100;6716.0;12247.0;54123.0;8691.0
110;11852.0;15802.0;60839.0;11852.0
120;19753.0;18568.0;480790.0;16197.0
130;50173.0;18963.0;520691.0;40296.0
140;11851.0;16198.0;129580.0;18568.0
150;12642.0;19753.0;146963.0;19358.0
160;14222.0;16197.0;152889.0;16987.0
170;14223.0;18568.0;129186.0;46223.0
180;9086.0;10666.0;175013.0;30815.0
190;9876.0;10667.0;175407.0;12642.0
200;11851.0;17778.0;283260.0;143803.0
210;13037.0;11062.0;193975.0;16198.0
220;5531.0;5135.0;133530.0;8692.0
230;5530.0;5531.0;146172.0;12642.0
240;16593.0;10271.0;355160.0;39901.0
250;8692.0;9876.0;133531.0;19753.0
260;49778.0;41086.0;188444.0;15012.0
270;9877.0;9481.0;280888.0;16593.0
280;849383.0;16592.0;197135.0;16592.0
290;14222.0;11852.0;216099.0;14617.0
300;12247.0;13432.0;265481.0;18963.0
310;9877.0;13827.0;222815.0;13037.0
320;37136.0;24099.0;217679.0;15013.0
330;15012.0;17777.0;1872986.0;19753.0
340;17778.0;15407.0;345284.0;16197.0
350;15408.0;18963.0;158420.0;16593.0
360;13037.0;15407.0;308938.0;18173.0
370;35161.0;16593.0;331457.0;15408.0
380;15802.0;15407.0;801975.0;18568.0
390;13037.0;18963.0;129975.0;16593.0
400;18173.0;32790.0;183704.0;15802.0
410;17777.0;15012.0;172642.0;17383.0
420;14618.0;16988.0;218074.0;16593.0
430;29630.0;27259.0;191999.0;48592.0
440;15408.0;16198.0;147357.0;18963.0
450;12247.0;15012.0;128790.0;16593.0
460;26469.0;18963.0;133926.0;16592.0
470;16988.0;19753.0;502914.0;178173.0
480;20543.0;26864.0;2775703.0;26469.0
490;15802.0;22914.0;293531.0;19753.0
500;16198.0;16592.0;180148.0;23704.0
510;16592.0;27654.0;207408.0;22124.0
520;12642.0;15012.0;149729.0;18963.0
530;27259.0;20543.0;162765.0;30815.0
540;20148.0;26469.0;198716.0;19753.0
550;49778.0;20939.0;268642.0;18963.0
560;22123.0;18568.0;168296.0;18963.0
570;61630.0;36740.0;614321.0;49383.0
580;32000.0;124444.0;400197.0;22519.0
590;22124.0;24099.0;167111.0;20938.0
600;18173.0;22914.0;182123.0;86123.0
610;24099.0;30024.0;222420.0;57679.0
620;12247.0;16593.0;141828.0;21334.0
630;17777.0;14223.0;107457.0;17778.0
640;55703.0;19753.0;162765.0;33185.0
650;13432.0;9481.0;167111.0;20543.0
660;14617.0;13828.0;188049.0;20148.0
670;15012.0;5103011.0;208197.0;17777.0
680;11457.0;9877.0;245729.0;11457.0
690;7506.0;7111.0;214913.0;11061.0
700;6716.0;4345.0;180938.0;31605.0
710;4346.0;46222.0;193185.0;8297.0
720;14617.0;6716.0;208988.0;23309.0
730;8296.0;7111.0;161975.0;10271.0
740;13432.0;5531.0;203456.0;8692.0
750;9086.0;7506.0;626172.0;8691.0
760;5136.0;11456.0;175012.0;8691.0
770;5926.0;5531.0;172642.0;8691.0
780;5926.0;5136.0;167901.0;7506.0
790;6716.0;9087.0;288000.0;7111.0
800;7901.0;14617.0;355161.0;25284.0
810;7901.0;10667.0;193185.0;12247.0
820;16198.0;7111.0;203457.0;10271.0
830;14617.0;13827.0;353185.0;46222.0
840;6321.0;7111.0;174617.0;9087.0
850;6321.0;5926.0;213333.0;11852.0
860;6717.0;8296.0;312889.0;8691.0
870;5925.0;7506.0;207407.0;9087.0
880;9086.0;9877.0;227555.0;15802.0
890;62025.0;87703.0;218865.0;9877.0
900;840691.0;47802.0;1457382.0;11457.0
910;18568.0;23703.0;245728.0;32395.0
920;19358.0;27259.0;168691.0;57284.0
930;18963.0;21728.0;1053234.0;56494.0
940;22124.0;21334.0;570074.0;22123.0
950;19753.0;345284.0;352395.0;22123.0
960;22123.0;78618.0;384395.0;30025.0
970;17383.0;21728.0;307357.0;113382.0
980;122864.0;22124.0;250469.0;35950.0
990;18173.0;24099.0;263506.0;16988.0
1000;16198.0;26469.0;265876.0;17778.0
1010;92444.0;24098.0;494617.0;18568.0
1020;69531.0;50173.0;1068247.0;18173.0
1030;17383.0;2205629.0;237037.0;18963.0
1040;17383.0;24099.0;345284.0;318025.0
1050;19753.0;24099.0;274568.0;16197.0
1060;1.7679005E7;25284.0;736790.0;19358.0
1070;6716.0;9482.0;530568.0;20543.0
1080;5531.0;8297.0;751012.0;7901.0
1090;5136.0;7111.0;288790.0;51358.0
1100;6716.0;7507.0;404148.0;7506.0
1110;6716.0;5531.0;312889.0;5531.0
1120;5925.0;5531.0;378469.0;6321.0
1130;4741.0;6716.0;335802.0;5531.0
1140;12642.0;7901.0;395852.0;7111.0
1150;7506.0;6321.0;603259.0;9877.0
1160;5136.0;8691.0;313679.0;6716.0
1170;7111.0;6321.0;365432.0;9481.0
1180;6716.0;6716.0;367803.0;10272.0
1190;5926.0;8691.0;419161.0;6321.0
1200;6321.0;6321.0;327111.0;7507.0
1210;6716.0;7506.0;592197.0;17383.0
1220;6716.0;11852.0;3507751.0;8692.0
1230;10272.0;7901.0;441283.0;6716.0
1240;13037.0;16593.0;507259.0;7506.0
1250;6716.0;6321.0;314469.0;7506.0
1260;5136.0;6716.0;408889.0;8691.0
1270;4740.0;7111.0;252050.0;9877.0
1280;5136.0;8297.0;255209.0;7111.0
1290;5925.0;7111.0;310518.0;8296.0
1300;2765.0;4345.0;187654.0;4346.0
1310;3160.0;4345.0;276148.0;4741.0
1320;2765.0;3555.0;204642.0;3951.0
1330;3556.0;4741.0;304197.0;9087.0
1340;4346.0;4741.0;187259.0;4741.0
1350;7112.0;9876.0;429037.0;5926.0
1360;7507.0;9482.0;263111.0;6716.0
1370;11457.0;8691.0;230716.0;9876.0
1380;10271.0;11457.0;561777.0;8691.0
1390;6716.0;7901.0;202667.0;9482.0
1400;48988.0;13432.0;218469.0;11062.0
1410;16988.0;13037.0;512395.0;9482.0
1420;7506.0;8296.0;246519.0;8691.0
1430;5926.0;7506.0;244939.0;8691.0
1440;5136.0;9086.0;210172.0;7111.0
1450;17382.0;13432.0;296297.0;7507.0
1460;8296.0;12642.0;297481.0;8296.0
1470;11457.0;9482.0;1012938.0;11851.0
1480;8692.0;7111.0;259160.0;38716.0
1490;6321.0;10272.0;284049.0;11062.0
1500;3951.0;4741.0;186469.0;16198.0
1510;6716.0;12642.0;184494.0;4741.0
1520;6321.0;8296.0;245729.0;15802.0
1530;6321.0;9087.0;236642.0;7901.0
1540;9086.0;8296.0;288790.0;7507.0
1550;3556.0;4741.0;176988.0;5531.0
1560;5531.0;17778.0;220049.0;6321.0
1570;6321.0;7506.0;325135.0;35951.0
1580;6321.0;7506.0;255210.0;7902.0
1590;5531.0;11062.0;249679.0;8297.0
1600;37531.0;6716.0;248099.0;7506.0
1610;6716.0;8691.0;239407.0;8692.0
1620;5531.0;5136.0;222815.0;7111.0
1630;7506.0;10272.0;208593.0;5531.0
1640;8691.0;8691.0;259556.0;11061.0
1650;6321.0;5136.0;245333.0;7506.0
1660;4346.0;7902.0;192791.0;5136.0
1670;34370.0;12247.0;248099.0;72297.0
1680;5531.0;7506.0;264691.0;7901.0
1690;5926.0;8692.0;273778.0;5926.0
1700;3556.0;5926.0;207802.0;6321.0
1710;5135.0;5136.0;197926.0;5135.0
1720;7506.0;9877.0;769185.0;5136.0
1730;8297.0;8297.0;584296.0;22519.0
1740;3951.0;5531.0;265086.0;7111.0
1750;4345.0;4346.0;312493.0;4741.0
1760;6716.0;8692.0;673185.0;5531.0
1770;3951.0;4346.0;383209.0;6716.0
1780;3556.0;5530.0;295506.0;3950.0
1790;3951.0;5136.0;411259.0;4740.0
1800;9086.0;10272.0;466172.0;13432.0
1810;7506.0;7901.0;584296.0;8297.0
1820;6716.0;8691.0;470913.0;8691.0
1830;5136.0;7506.0;562568.0;6321.0
1840;7506.0;7507.0;600098.0;6321.0
1850;8296.0;10271.0;538864.0;8692.0
1860;9087.0;9086.0;460247.0;7901.0
1870;6716.0;10667.0;442864.0;7507.0
1880;7506.0;10667.0;603259.0;12247.0
1890;8296.0;14222.0;453136.0;9876.0
1900;14617.0;11852.0;531753.0;11062.0
1910;9086.0;8296.0;493432.0;9481.0
1920;18173.0;10667.0;519111.0;9086.0
1930;7901.0;9876.0;460246.0;10272.0
1940;6716.0;10667.0;318420.0;19358.0
1950;3950.0;5136.0;310913.0;7111.0
1960;4741.0;5531.0;260345.0;4741.0
1970;3555.0;5135.0;225975.0;5136.0
1980;3555.0;5531.0;234271.0;4346.0
1990;4345.0;4740.0;250074.0;3951.0
2000;7111.0;11062.0;347260.0;5531.0
2010;4346.0;5136.0;312494.0;7111.0
2020;3556.0;5136.0;242568.0;5531.0
2030;3556.0;5926.0;239803.0;4346.0
2040;3951.0;5136.0;244148.0;4741.0
2050;3951.0;5136.0;242173.0;3951.0
2060;3951.0;5531.0;237037.0;5136.0
2070;3950.0;5531.0;300642.0;5531.0
2080;24098.0;9876.0;274173.0;11456.0
2090;4741.0;6321.0;257975.0;4346.0
2100;3951.0;4741.0;244939.0;5530.0
2110;3950.0;6321.0;240987.0;5135.0
2120;4346.0;5926.0;267062.0;7111.0
2130;5136.0;5926.0;256395.0;5926.0
2140;13433.0;9482.0;312099.0;6321.0
2150;16988.0;8691.0;276938.0;6716.0
2160;4741.0;5531.0;254815.0;7111.0
2170;4345.0;7507.0;254419.0;5531.0
2180;6321.0;7506.0;259160.0;7507.0
2190;7901.0;7111.0;647901.0;7111.0
2200;5136.0;6716.0;376099.0;6321.0
2210;5531.0;12642.0;389531.0;6716.0
2220;3950.0;5531.0;383605.0;7111.0
2230;3555.0;5531.0;346469.0;4346.0
2240;3555.0;5926.0;370173.0;5136.0
2250;5926.0;5926.0;387950.0;4741.0
2260;4741.0;5926.0;315654.0;5531.0
2270;16197.0;12642.0;542420.0;7901.0
2280;9086.0;11457.0;536889.0;7111.0
2290;5136.0;7901.0;409679.0;7507.0
2300;4345.0;6321.0;387951.0;5926.0
2310;21728.0;13432.0;492246.0;13432.0
2320;5531.0;6321.0;297087.0;6320.0
2330;5926.0;5531.0;276938.0;6716.0
2340;4741.0;5531.0;274568.0;7901.0
2350;28445.0;7507.0;285629.0;5136.0
2360;5136.0;5531.0;363061.0;7901.0
2370;3951.0;5926.0;272197.0;4740.0
2380;3951.0;5926.0;276148.0;5136.0
2390;3950.0;6321.0;277729.0;4741.0
2400;6716.0;7111.0;401778.0;7111.0
2410;3951.0;5926.0;284444.0;4741.0
2420;3951.0;6321.0;278519.0;5136.0
2430;4741.0;6716.0;285235.0;5136.0
2440;5926.0;13827.0;355951.0;7506.0
2450;4741.0;5926.0;291161.0;5531.0
2460;3950.0;6716.0;283654.0;4740.0
2470;3950.0;5926.0;291161.0;5136.0
2480;3951.0;10667.0;285630.0;4345.0
2490;4741.0;6716.0;290371.0;16987.0
2500;4345.0;6716.0;289185.0;4741.0
2510;3950.0;7506.0;291161.0;4741.0
2520;10667.0;16592.0;508839.0;5135.0
2530;9876.0;12642.0;421530.0;13827.0
2540;8296.0;7506.0;294716.0;6321.0
2550;5135.0;6321.0;295506.0;5926.0
2560;13037.0;9086.0;370963.0;11062.0
2570;4741.0;6716.0;308148.0;7111.0
2580;3950.0;6716.0;301037.0;4740.0
2590;4346.0;5926.0;297086.0;5926.0
2600;3950.0;5926.0;298666.0;4741.0
2610;4346.0;6321.0;299852.0;5531.0
2620;27654.0;19753.0;306963.0;4345.0
2630;5135.0;6716.0;312098.0;19358.0
2640;3950.0;7111.0;302222.0;5136.0
2650;4741.0;6321.0;330666.0;5926.0
2660;6716.0;6716.0;342913.0;4741.0
2670;5136.0;9087.0;331852.0;5926.0
2680;4741.0;24889.0;333828.0;5135.0
2690;4346.0;6716.0;314074.0;33976.0
2700;4345.0;6321.0;308939.0;6321.0
2710;4741.0;6716.0;353975.0;5531.0
2720;4740.0;7111.0;311308.0;5136.0
2730;4346.0;6716.0;312098.0;6321.0
2740;5926.0;24099.0;333037.0;5531.0
2750;5926.0;7111.0;318420.0;6716.0
2760;4741.0;6321.0;319210.0;5926.0
2770;16593.0;10272.0;327111.0;5926.0
2780;5136.0;6716.0;343309.0;7902.0
2790;4741.0;6321.0;323555.0;5136.0
2800;11062.0;7506.0;412839.0;4741.0
2810;4345.0;7111.0;327901.0;6716.0
2820;4346.0;7111.0;332642.0;5136.0
2830;4345.0;6321.0;327901.0;5531.0
2840;4345.0;6321.0;334222.0;5135.0
2850;4741.0;6716.0;327111.0;7111.0
2860;8296.0;15013.0;350420.0;22913.0
2870;4346.0;6321.0;423111.0;5926.0
2880;4345.0;6716.0;340543.0;5136.0
2890;4346.0;7507.0;335408.0;4740.0
2900;4346.0;6321.0;338963.0;5135.0
2910;4346.0;8691.0;346074.0;5136.0
2920;14222.0;14618.0;353580.0;6716.0
2930;5531.0;6321.0;340148.0;5926.0
2940;4346.0;7111.0;341333.0;5136.0
2950;5136.0;6321.0;344889.0;6321.0
2960;4741.0;7506.0;346469.0;5531.0
2970;5926.0;8297.0;440098.0;5531.0
2980;5531.0;7111.0;350419.0;6716.0
2990;4346.0;6716.0;347259.0;4741.0
3000;4740.0;7111.0;350419.0;5531.0
3010;4741.0;7111.0;352790.0;6321.0
3020;7111.0;18963.0;401382.0;7111.0
3030;5135.0;6716.0;359506.0;5926.0
3040;4741.0;7111.0;360691.0;8691.0
3050;4741.0;7902.0;357926.0;8691.0
3060;4346.0;7111.0;362666.0;5926.0
3070;22914.0;9877.0;372148.0;4741.0
3080;4740.0;7111.0;371357.0;7901.0
3090;4741.0;6716.0;363457.0;5926.0
3100;4740.0;6716.0;365037.0;6716.0
3110;4741.0;7111.0;368593.0;5531.0
3120;6716.0;26469.0;368593.0;6321.0
3130;5136.0;8692.0;384395.0;62420.0
3140;5531.0;9481.0;370173.0;5926.0
3150;7506.0;7506.0;381630.0;8297.0
3160;5531.0;7506.0;373728.0;6321.0
3170;27259.0;12247.0;436938.0;8296.0
3180;9877.0;14222.0;546765.0;10272.0
3190;177777.0;18173.0;555456.0;11851.0
3200;15803.0;17778.0;929185.0;12642.0
3210;10666.0;16198.0;517926.0;11456.0
3220;7111.0;9482.0;496593.0;9086.0
3230;13432.0;15013.0;604840.0;11062.0
3240;7506.0;9086.0;397037.0;10666.0
3250;4741.0;7901.0;393087.0;6716.0
3260;5531.0;8691.0;389135.0;8691.0
3270;8296.0;9086.0;416395.0;13827.0
3280;7111.0;9481.0;394272.0;7111.0
3290;6321.0;7901.0;399407.0;30420.0
3300;6321.0;7506.0;415605.0;9481.0
3310;5926.0;9877.0;393482.0;26074.0
3320;15012.0;35161.0;429037.0;15012.0
3330;10271.0;11062.0;402963.0;9482.0
3340;6321.0;8691.0;397432.0;7901.0
3350;5135.0;8296.0;402568.0;9481.0
3360;22124.0;30025.0;408888.0;7506.0
3370;6320.0;10272.0;411259.0;9482.0
3380;5136.0;8692.0;403358.0;7506.0
3390;5926.0;8691.0;426666.0;13037.0
3400;6716.0;7506.0;467358.0;7901.0
3410;5531.0;11457.0;419555.0;28049.0
3420;7901.0;9877.0;415209.0;7506.0
3430;7506.0;8691.0;420741.0;8691.0
3440;6716.0;12247.0;478815.0;15012.0
3450;12642.0;10666.0;458666.0;6716.0
3460;7901.0;10271.0;421925.0;7901.0
3470;7506.0;9481.0;528987.0;15407.0
3480;10667.0;11457.0;423901.0;6716.0
3490;8691.0;9086.0;422321.0;9482.0
3500;8691.0;18568.0;448395.0;29630.0
3510;7901.0;15012.0;441284.0;8691.0
3520;11061.0;8296.0;439308.0;7901.0
3530;11457.0;24889.0;556247.0;9086.0
3540;7901.0;9482.0;447605.0;13432.0
3550;33975.0;14222.0;438914.0;9087.0
3560;5531.0;10667.0;431407.0;9877.0
3570;5531.0;9087.0;429037.0;6321.0
3580;33581.0;13827.0;442469.0;7111.0
3590;6321.0;9086.0;444839.0;10667.0
3600;14222.0;21333.0;571259.0;8296.0
3610;12246.0;11061.0;666469.0;137877.0
3620;6716.0;9876.0;448000.0;8296.0
3630;47013.0;13828.0;459062.0;11457.0
3640;5531.0;8691.0;454321.0;6321.0
3650;5531.0;8296.0;453136.0;7901.0
3660;30420.0;13037.0;569284.0;9877.0
3670;7111.0;9087.0;455901.0;10272.0
3680;7111.0;15408.0;449185.0;9877.0
3690;22913.0;11061.0;566518.0;11062.0
3700;7112.0;8296.0;463012.0;7111.0
3710;8691.0;13827.0;451555.0;7901.0
3720;6321.0;8296.0;462222.0;15013.0
3730;5925.0;8691.0;455111.0;8296.0
3740;11457.0;14223.0;519506.0;6716.0
3750;5531.0;8691.0;454321.0;7506.0
3760;5926.0;8296.0;476049.0;9481.0
3770;35951.0;18173.0;461432.0;7111.0
3780;7111.0;8296.0;559013.0;28049.0
3790;5531.0;11852.0;458271.0;7506.0
3800;5926.0;8691.0;465383.0;7901.0
3810;7111.0;34370.0;472494.0;7111.0
3820;17383.0;9086.0;476049.0;11457.0
3830;6716.0;9086.0;487111.0;7901.0
3840;8296.0;9876.0;489086.0;9086.0
3850;10667.0;33975.0;539259.0;7506.0
3860;11457.0;9481.0;630123.0;12641.0
3870;5136.0;8691.0;473679.0;7902.0
3880;5531.0;8296.0;470519.0;7111.0
3890;14223.0;32000.0;485926.0;6716.0
3900;9087.0;11457.0;651061.0;8692.0
3910;5926.0;9877.0;472494.0;7902.0
3920;5531.0;8691.0;474864.0;8692.0
3930;9482.0;36740.0;489086.0;9086.0
3940;8691.0;10667.0;615901.0;9877.0
3950;6716.0;9087.0;484741.0;9876.0
3960;5926.0;8692.0;484345.0;7111.0
3970;8297.0;31210.0;498963.0;7111.0
3980;8296.0;9877.0;566519.0;10667.0
3990;6321.0;9877.0;491061.0;8296.0
4000;14617.0;19358.0;673975.0;15408.0
4010;16988.0;17777.0;755358.0;55704.0
4020;8692.0;9086.0;503308.0;56889.0
4030;5531.0;9087.0;502518.0;7901.0
4040;10272.0;11457.0;558617.0;7111.0
4050;8296.0;9876.0;500148.0;9876.0
4060;5531.0;8692.0;501728.0;9086.0
4070;6321.0;8691.0;503308.0;6716.0
4080;28444.0;11062.0;635259.0;8691.0
4090;6716.0;9481.0;505678.0;10667.0
4100;5926.0;9481.0;504888.0;6321.0
4110;6321.0;9877.0;503308.0;7506.0
4120;10271.0;10271.0;516741.0;29234.0
4130;7901.0;10667.0;500938.0;10272.0
4140;6716.0;9087.0;501729.0;7901.0
4150;7506.0;9876.0;504888.0;8296.0
4160;12247.0;10271.0;515555.0;8692.0
4170;5926.0;10272.0;502519.0;9086.0
4180;6716.0;9481.0;511605.0;7901.0
4190;6716.0;15408.0;515555.0;8296.0
4200;10667.0;11062.0;550321.0;11851.0
4210;8691.0;9481.0;512000.0;8297.0
4220;5926.0;9481.0;515950.0;8691.0
4230;11062.0;31605.0;532543.0;7507.0
4240;6716.0;9876.0;611160.0;20148.0
4250;6321.0;15802.0;523061.0;8691.0
4260;6321.0;9877.0;523852.0;7506.0
4270;11062.0;13432.0;610370.0;11457.0
4280;8692.0;10271.0;534913.0;10667.0
4290;6716.0;9482.0;523456.0;8296.0
4300;6716.0;9482.0;522271.0;7111.0
4310;15803.0;13432.0;575209.0;8691.0
4320;6716.0;9877.0;535309.0;8692.0
4330;6716.0;9876.0;540839.0;9086.0
4340;8692.0;50568.0;531358.0;7901.0
4350;8691.0;10271.0;686222.0;11851.0
4360;5926.0;9482.0;535704.0;7902.0
4370;5926.0;10667.0;542420.0;7901.0
4380;12247.0;11062.0;549925.0;34371.0
4390;5926.0;10272.0;542814.0;13037.0
4400;7506.0;10272.0;539259.0;8691.0
4410;6716.0;11457.0;538469.0;8296.0
4420;6321.0;11062.0;544790.0;9086.0
4430;7901.0;11852.0;584691.0;11851.0
4440;15802.0;13827.0;751407.0;13037.0
4450;17383.0;18172.0;1508345.0;28444.0
4460;6716.0;10666.0;557827.0;9481.0
4470;6716.0;13037.0;606815.0;8692.0
4480;9086.0;10667.0;573629.0;10271.0
4490;6321.0;10271.0;551506.0;7506.0
4500;6716.0;10272.0;613926.0;11457.0
4510;8691.0;10667.0;779457.0;69531.0
4520;8691.0;11852.0;600494.0;11062.0
4530;7111.0;10667.0;576000.0;9482.0
4540;11062.0;53728.0;576395.0;9087.0
4550;6716.0;10272.0;652246.0;8691.0
4560;7506.0;10271.0;567704.0;8692.0
4570;5926.0;10272.0;578765.0;7506.0
4580;7901.0;10272.0;598913.0;14617.0
4590;6717.0;16592.0;568494.0;9481.0
4600;6716.0;10666.0;588642.0;8296.0
4610;16987.0;71901.0;651062.0;8692.0
4620;7111.0;10271.0;573234.0;11852.0
4630;7901.0;11456.0;583506.0;8296.0
4640;6716.0;15803.0;582320.0;8692.0
4650;7901.0;16197.0;649086.0;8691.0
4660;11457.0;10666.0;582716.0;11062.0
4670;9086.0;10667.0;570864.0;8691.0
4680;13037.0;11457.0;640000.0;11457.0
4690;6321.0;13432.0;577185.0;7506.0
4700;7112.0;10667.0;590222.0;9086.0
4710;11457.0;28049.0;591802.0;8296.0
4720;7111.0;10272.0;584296.0;38716.0
4730;7901.0;10667.0;589827.0;8692.0
4740;7111.0;11062.0;582716.0;11062.0
4750;9086.0;11062.0;706765.0;38716.0
4760;7506.0;9877.0;586666.0;9481.0
4770;11851.0;11456.0;591407.0;8296.0
4780;13037.0;33580.0;595358.0;8691.0
4790;6717.0;11457.0;680691.0;10271.0
4800;7506.0;11457.0;589037.0;9481.0
4810;6716.0;10666.0;597728.0;13037.0
4820;7901.0;11852.0;596543.0;62420.0
4830;7506.0;11061.0;597728.0;9482.0
4840;18568.0;35951.0;1035852.0;17383.0
4850;17778.0;23309.0;939852.0;82172.0
4860;7901.0;11062.0;609580.0;15012.0
4870;16988.0;18568.0;617482.0;10667.0
4880;6716.0;11457.0;609185.0;9481.0
4890;9086.0;12642.0;609975.0;9482.0
4900;7506.0;13037.0;604444.0;9481.0
4910;7901.0;11851.0;612346.0;11457.0
4920;6716.0;11457.0;613926.0;10667.0
4930;8691.0;20543.0;613925.0;9087.0
4940;6716.0;15013.0;634074.0;8691.0
4950;6716.0;12247.0;624198.0;8692.0
4960;7902.0;11852.0;624988.0;13037.0
4970;7506.0;11457.0;625383.0;11062.0
4980;12247.0;13827.0;855308.0;7901.0
4990;7111.0;14222.0;628543.0;9482.0
5000;64000.0;24888.0;638024.0;9876.0
5010;9481.0;13432.0;681876.0;9877.0
5020;36346.0;18567.0;749432.0;9877.0
5030;12642.0;13827.0;636840.0;10272.0
5040;47803.0;24494.0;638419.0;9876.0
5050;9482.0;11062.0;652641.0;11061.0
5060;8296.0;56098.0;644740.0;9481.0
5070;7901.0;11061.0;645926.0;13432.0
5080;7111.0;13432.0;660938.0;8692.0
5090;6717.0;12247.0;727308.0;10666.0
5100;7902.0;11852.0;645135.0;9876.0
5110;9481.0;12247.0;653037.0;35951.0
5120;13037.0;12642.0;640789.0;9482.0
5130;8296.0;13432.0;664099.0;33975.0
5140;20149.0;26864.0;911012.0;18173.0
5150;12642.0;13037.0;649876.0;11852.0
5160;7506.0;11457.0;659753.0;9086.0
5170;7901.0;11457.0;672395.0;18963.0
5180;8296.0;11851.0;658963.0;8297.0
5190;7902.0;13432.0;668444.0;11851.0
5200;7111.0;12247.0;657383.0;8296.0
5210;10667.0;11852.0;778271.0;14617.0
5220;7506.0;15802.0;661333.0;8296.0
5230;45037.0;15013.0;704789.0;8296.0
5240;8296.0;11457.0;661333.0;9086.0
5250;65185.0;17382.0;666074.0;10272.0
5260;7506.0;12642.0;677925.0;9482.0
5270;9877.0;75852.0;666073.0;9087.0
5280;7506.0;14618.0;672000.0;9876.0
5290;7901.0;11852.0;671605.0;9086.0
5300;10272.0;11457.0;760098.0;11852.0
5310;8691.0;11852.0;677135.0;10667.0
5320;10272.0;13828.0;680296.0;11852.0
5330;11062.0;14617.0;673580.0;10667.0
5340;16592.0;20148.0;875456.0;56889.0
5350;14222.0;15407.0;687407.0;11457.0
5360;8296.0;14617.0;686617.0;9086.0
5370;58864.0;49382.0;693728.0;10667.0
5380;18172.0;26469.0;1028346.0;11061.0
5390;10666.0;18173.0;692938.0;15012.0
5400;23704.0;20148.0;747457.0;10667.0
5410;7111.0;12642.0;690963.0;10272.0
5420;38717.0;19358.0;683852.0;13827.0
5430;7901.0;13037.0;691358.0;9876.0
5440;15407.0;13432.0;861234.0;9481.0
5450;8297.0;11456.0;685827.0;8691.0
5460;7506.0;11852.0;688592.0;8691.0
5470;10666.0;12642.0;726123.0;15013.0
5480;7901.0;11852.0;692938.0;8297.0
5490;7901.0;14222.0;698469.0;10667.0
5500;8691.0;11852.0;772741.0;10272.0
5510;7902.0;11852.0;691753.0;11062.0
5520;77432.0;18963.0;696889.0;9877.0
5530;11062.0;15407.0;715851.0;13037.0
5540;8691.0;12247.0;700444.0;10271.0
5550;60444.0;89284.0;707555.0;10667.0
5560;8691.0;17778.0;706766.0;11062.0
5570;9087.0;12247.0;724543.0;9481.0
5580;44247.0;32790.0;840296.0;44642.0
5590;8691.0;12642.0;702024.0;9877.0
5600;8296.0;12247.0;704790.0;10272.0
5610;11062.0;13037.0;746666.0;47012.0
5620;8692.0;13432.0;705975.0;9877.0
5630;9087.0;12247.0;713876.0;10272.0
5640;8692.0;13432.0;717827.0;64790.0
5650;7111.0;13037.0;711111.0;12247.0
5660;8691.0;15013.0;718222.0;10272.0
5670;7901.0;15407.0;725333.0;11062.0
5680;11457.0;15012.0;716641.0;11852.0
5690;22123.0;97975.0;802765.0;20543.0
5700;20543.0;27654.0;1197827.0;18568.0
5710;10271.0;44642.0;720987.0;10666.0
5720;8297.0;12642.0;822913.0;11456.0
5730;9877.0;16988.0;722962.0;10666.0
5740;56494.0;47407.0;728099.0;13432.0
5750;8691.0;16198.0;728888.0;10666.0
5760;9086.0;13827.0;729679.0;10666.0
5770;62814.0;20938.0;953284.0;12247.0
5780;7901.0;14222.0;747852.0;9877.0
5790;9482.0;14617.0;730074.0;12642.0
5800;9482.0;13827.0;777086.0;54123.0
5810;7901.0;13037.0;740740.0;10666.0
5820;9087.0;15012.0;733629.0;11062.0
5830;11852.0;16198.0;751802.0;17383.0
5840;9481.0;13828.0;739950.0;10272.0
5850;11061.0;34370.0;737975.0;11061.0
5860;10667.0;12642.0;904691.0;34765.0
5870;8691.0;14618.0;747456.0;9876.0
5880;21728.0;54123.0;805925.0;10667.0
5890;7901.0;13432.0;745876.0;12642.0
5900;10271.0;13827.0;747456.0;11456.0
5910;13828.0;14618.0;952098.0;26864.0
5920;9086.0;13827.0;752592.0;9876.0
5930;8691.0;13827.0;750222.0;9876.0
5940;8297.0;14222.0;755753.0;55704.0
5950;10667.0;14222.0;758518.0;11457.0
5960;14223.0;37926.0;752988.0;10666.0
5970;11061.0;15408.0;838716.0;12642.0
5980;9086.0;13827.0;756543.0;9482.0
5990;66370.0;25679.0;863210.0;11852.0
6000;10271.0;14617.0;763259.0;10667.0
6010;9481.0;14222.0;759704.0;11457.0
6020;22519.0;26865.0;1179259.0;17383.0
6030;17382.0;15012.0;1741037.0;21728.0
6040;10667.0;16198.0;776691.0;16198.0
6050;8691.0;14222.0;781432.0;11852.0
6060;11851.0;43062.0;770370.0;11457.0
6070;10667.0;18173.0;776296.0;12247.0
6080;10272.0;13432.0;770370.0;10272.0
6090;43851.0;16197.0;916148.0;13827.0
6100;11852.0;15013.0;778271.0;10667.0
6110;8296.0;13827.0;778272.0;11062.0
6120;9087.0;14618.0;786568.0;59259.0
6130;8692.0;14223.0;786963.0;10666.0
6140;23704.0;26074.0;782222.0;11852.0
6150;9482.0;15012.0;788148.0;11456.0
6160;8691.0;15407.0;784988.0;11457.0
6170;13037.0;15013.0;1085234.0;26074.0
6180;8692.0;13037.0;794864.0;10271.0
6190;8691.0;33581.0;788938.0;11457.0
6200;9086.0;14222.0;875456.0;13827.0
6210;11062.0;15407.0;792098.0;11457.0
6220;73481.0;18172.0;945382.0;15013.0
6230;9482.0;14617.0;795654.0;11062.0
6240;9877.0;15803.0;794073.0;11062.0
6250;9086.0;15802.0;806715.0;20148.0
6260;10271.0;16593.0;800395.0;50568.0
6270;38321.0;64790.0;825284.0;11456.0
6280;10666.0;14617.0;808691.0;11852.0
6290;8297.0;15013.0;806715.0;16197.0
6300;8692.0;17383.0;829629.0;56099.0
6310;9877.0;15012.0;810667.0;11457.0
6320;48988.0;21728.0;825679.0;11457.0
6330;19753.0;30024.0;1063901.0;18963.0
6340;11457.0;16988.0;841086.0;68346.0
6350;10667.0;15802.0;815012.0;11061.0
6360;30815.0;60049.0;854124.0;12247.0
6370;10272.0;15012.0;823308.0;12247.0
6380;10271.0;16592.0;814617.0;13037.0
6390;10667.0;14617.0;821333.0;22124.0
6400;10271.0;16592.0;822123.0;12642.0
6410;37926.0;71506.0;827259.0;12247.0
6420;9482.0;15013.0;822518.0;11061.0
6430;9877.0;15408.0;822123.0;13037.0
6440;10667.0;16197.0;827654.0;15802.0
6450;11062.0;16197.0;830419.0;11851.0
6460;48988.0;19753.0;1001481.0;13827.0
6470;13828.0;16987.0;827654.0;12247.0
6480;10272.0;19358.0;834765.0;13828.0
6490;11062.0;16198.0;845037.0;14223.0
6500;10272.0;15407.0;827259.0;13037.0
6510;21333.0;17383.0;989630.0;18172.0
6520;11062.0;16197.0;839110.0;12642.0
6530;25284.0;22914.0;839111.0;11456.0
6540;10667.0;15803.0;928790.0;12247.0
6550;10666.0;16197.0;838716.0;17778.0
6560;20939.0;18963.0;1068641.0;17382.0
6570;10666.0;15407.0;852543.0;11852.0
6580;24889.0;47012.0;847802.0;11852.0
6590;10666.0;16988.0;848987.0;13037.0
6600;11457.0;16988.0;848987.0;12247.0
6610;10667.0;17778.0;864000.0;21728.0
6620;20543.0;78222.0;1662419.0;16198.0
6630;25284.0;21729.0;1195456.0;33976.0
6640;40691.0;68346.0;1072198.0;16198.0
6650;13037.0;19753.0;872296.0;13828.0
6660;18568.0;25679.0;857679.0;14222.0
6670;20148.0;18173.0;875061.0;15802.0
6680;12642.0;18963.0;864000.0;13037.0
6690;13037.0;19753.0;882568.0;77827.0
6700;11062.0;19753.0;874666.0;13827.0
6710;93235.0;21334.0;1144889.0;15803.0
6720;15803.0;29630.0;880197.0;20543.0
6730;45827.0;27259.0;1120789.0;18173.0
6740;15012.0;20148.0;873481.0;16198.0
6750;24494.0;92049.0;905481.0;14617.0
6760;13037.0;20938.0;879012.0;13827.0
6770;13432.0;22519.0;877432.0;16198.0
6780;23308.0;20939.0;903506.0;14222.0
6790;15407.0;22518.0;888493.0;12247.0
6800;33580.0;18963.0;1024000.0;81383.0
6810;14617.0;19753.0;901531.0;16197.0
6820;14222.0;20938.0;1106963.0;45037.0
6830;15802.0;20543.0;891654.0;14222.0
6840;24098.0;19753.0;1214419.0;23704.0
6850;19753.0;28049.0;889679.0;15802.0
6860;58864.0;42272.0;999506.0;15013.0
6870;13432.0;25679.0;986074.0;16988.0
6880;289581.0;32000.0;1460938.0;25679.0
6890;33185.0;56494.0;1369284.0;24494.0
6900;11457.0;16197.0;900346.0;11851.0
6910;11852.0;27654.0;895605.0;18173.0
6920;11457.0;18173.0;985679.0;15012.0
6930;11851.0;17382.0;893630.0;12642.0
6940;13037.0;17382.0;934716.0;35555.0
6950;12247.0;19358.0;901135.0;12247.0
6960;27654.0;19753.0;1013728.0;12247.0
6970;11852.0;17778.0;900741.0;13037.0
6980;17778.0;33580.0;901531.0;12642.0
6990;11851.0;18567.0;906271.0;12247.0
7000;11061.0;16988.0;916938.0;11852.0
7010;11062.0;22518.0;915753.0;48987.0
7020;12641.0;20543.0;908641.0;13827.0
7030;14222.0;16988.0;1098271.0;24493.0
7040;11062.0;18173.0;921678.0;12247.0
7050;12247.0;16198.0;939062.0;21333.0
7060;45827.0;22124.0;928395.0;12642.0
7070;14222.0;18173.0;926419.0;13432.0
7080;11456.0;18172.0;1033876.0;21728.0
7090;17778.0;20543.0;1024000.0;11852.0
7100;11062.0;16593.0;937086.0;13037.0
7110;26074.0;31210.0;1309629.0;24494.0
7120;11457.0;16988.0;939851.0;13827.0
7130;15407.0;18568.0;1109728.0;10667.0
7140;9876.0;33580.0;940247.0;11852.0
7150;11852.0;16987.0;941826.0;13827.0
7160;15407.0;20543.0;1010172.0;20543.0
7170;16987.0;42272.0;955654.0;16198.0
7180;11457.0;17383.0;942222.0;12642.0
7190;12247.0;16593.0;941431.0;15803.0
7200;18173.0;17778.0;1056790.0;11457.0
7210;10271.0;32790.0;951703.0;13827.0
7220;11061.0;17778.0;953284.0;13037.0
7230;12642.0;16987.0;970271.0;37531.0
7240;15408.0;26864.0;947753.0;15013.0
7250;11852.0;18173.0;956049.0;11457.0
7260;15802.0;18173.0;951308.0;15407.0
7270;12247.0;18173.0;946172.0;12642.0
7280;15012.0;29235.0;959605.0;75457.0
7290;20543.0;29235.0;1575506.0;24494.0
7300;10667.0;18173.0;952493.0;13037.0
7310;25284.0;87704.0;967111.0;11457.0
7320;11852.0;17383.0;955654.0;11852.0
7330;63210.0;21728.0;1054419.0;12246.0
7340;11062.0;16988.0;956444.0;12247.0
7350;17778.0;20148.0;1074173.0;16592.0
7360;12641.0;18173.0;961579.0;12247.0
7370;16198.0;19753.0;1202172.0;18567.0
7380;13432.0;18173.0;963160.0;11852.0
7390;59260.0;22124.0;1115259.0;12247.0
7400;12642.0;18567.0;966716.0;11852.0
7410;26864.0;30815.0;960000.0;13827.0
7420;11852.0;21729.0;968691.0;17777.0
7430;24494.0;25679.0;973827.0;13827.0
7440;12642.0;16987.0;973826.0;12642.0
7450;10667.0;16593.0;973037.0;13432.0
7460;12642.0;18568.0;969876.0;14617.0
7470;13827.0;20148.0;996741.0;12642.0
7480;16988.0;18568.0;988840.0;55309.0
7490;11061.0;19358.0;976987.0;13037.0
7500;12642.0;18568.0;1233382.0;22123.0
7510;11852.0;20149.0;982518.0;12642.0
7520;23704.0;20148.0;1113678.0;13827.0
7530;12247.0;21729.0;984889.0;13432.0
7540;26469.0;110617.0;2349431.0;24889.0
7550;11852.0;22519.0;990025.0;15408.0
7560;11852.0;19358.0;999900.0;73482.0
7570;13827.0;18173.0;990419.0;14223.0
7580;13037.0;18963.0;1056789.0;16592.0
7590;12247.0;17778.0;1001481.0;15013.0
7600;16197.0;18173.0;1367703.0;20543.0
7610;12642.0;18567.0;990025.0;13037.0
7620;18568.0;18568.0;1105382.0;22124.0
7630;10272.0;19358.0;1000296.0;14223.0
7640;64790.0;20543.0;1137383.0;14617.0
7650;13037.0;19358.0;1004246.0;13433.0
7660;69531.0;21728.0;1149234.0;13037.0
7670;13037.0;19358.0;1012543.0;14617.0
7680;62420.0;24099.0;1071011.0;13432.0
7690;11456.0;19358.0;1013728.0;13827.0
7700;37136.0;63209.0;1078518.0;13432.0
7710;13037.0;19753.0;1016098.0;15407.0
7720;35556.0;47013.0;1034271.0;14222.0
7730;14222.0;22123.0;1018863.0;14618.0
7740;22123.0;71901.0;1026765.0;15407.0
7750;12642.0;23704.0;1018469.0;13432.0
7760;22914.0;60839.0;1016098.0;13432.0
7770;10667.0;20148.0;1024000.0;14222.0
7780;15802.0;55704.0;1019259.0;14222.0
7790;27260.0;24494.0;1534419.0;24493.0
7800;18568.0;111803.0;1152790.0;50173.0
7810;13828.0;18963.0;1052049.0;13827.0
7820;14222.0;18173.0;1132642.0;27260.0
7830;13037.0;20148.0;1058765.0;14617.0
7840;13433.0;20148.0;1296593.0;16987.0
7850;13037.0;19358.0;1035061.0;12642.0
7860;16197.0;19358.0;1230221.0;24098.0
7870;13037.0;19358.0;1050469.0;13432.0
7880;16593.0;18963.0;1440395.0;16988.0
7890;12642.0;20543.0;1037432.0;12246.0
7900;16197.0;20148.0;1391802.0;17778.0
7910;15012.0;22913.0;1060346.0;15012.0
7920;19358.0;23703.0;1404049.0;21728.0
7930;16987.0;22519.0;1057184.0;15013.0
7940;19358.0;22518.0;1514666.0;19753.0
7950;13827.0;18568.0;1067852.0;11852.0
7960;14222.0;18962.0;1165037.0;37925.0
7970;13037.0;20543.0;1106568.0;14618.0
7980;13432.0;18568.0;1085234.0;19358.0
7990;12642.0;18568.0;1074963.0;13827.0
8000;14223.0;19358.0;1091950.0;80593.0
8010;13432.0;19358.0;1067061.0;13037.0
8020;27259.0;36346.0;1526123.0;27655.0
8030;14617.0;21728.0;1210074.0;65580.0
8040;11852.0;18568.0;1059951.0;13432.0
8050;15408.0;17383.0;1076543.0;54914.0
8060;14223.0;20543.0;1064691.0;14617.0
8070;14617.0;20148.0;1082468.0;85729.0
8080;15013.0;20544.0;1066271.0;15802.0
8090;11852.0;24098.0;1082469.0;60444.0
8100;12247.0;21728.0;1071012.0;14617.0
8110;17778.0;20148.0;1074173.0;17778.0
8120;14222.0;20543.0;1074963.0;13828.0
8130;20149.0;19358.0;1083259.0;19753.0
8140;13432.0;25284.0;1077333.0;13827.0
8150;13432.0;20543.0;1077728.0;15407.0
8160;13828.0;18963.0;1067061.0;13827.0
8170;14222.0;28445.0;1083259.0;16593.0
8180;12247.0;20148.0;1089975.0;13827.0
8190;13432.0;20544.0;1084839.0;16198.0
8200;15407.0;23703.0;1342419.0;16593.0
8210;12642.0;22123.0;1707851.0;14617.0
8220;86518.0;29235.0;1531259.0;14222.0
8230;13827.0;19753.0;1473580.0;15013.0
8240;15012.0;19358.0;1438024.0;29235.0
8250;106271.0;37926.0;1658864.0;36345.0
8260;13432.0;18963.0;1100642.0;14222.0
8270;13432.0;20543.0;1176493.0;14222.0
8280;25679.0;71901.0;1081283.0;14618.0
8290;12246.0;20148.0;1091555.0;15013.0
8300;15012.0;19358.0;1412345.0;17382.0
8310;12642.0;22124.0;1086025.0;14617.0
8320;15013.0;21728.0;1086815.0;16198.0
8330;14222.0;20148.0;1116839.0;22518.0
8340;16197.0;19753.0;1095111.0;17383.0
8350;13432.0;23309.0;1103012.0;15013.0
8360;13828.0;22124.0;1183999.0;13037.0
8370;17777.0;32790.0;1105383.0;15803.0
8380;14223.0;20939.0;1183999.0;12642.0
8390;16198.0;28445.0;1094321.0;17777.0
8400;13037.0;22518.0;1101432.0;15407.0
8410;26864.0;27655.0;1107752.0;15802.0
8420;19753.0;22914.0;1368098.0;15013.0
8430;23308.0;44642.0;2155851.0;24889.0
8440;23704.0;24494.0;1139753.0;18173.0
8450;18963.0;23703.0;1234567.0;43062.0
8460;17778.0;24494.0;1187555.0;15803.0
8470;33975.0;40296.0;1716937.0;17383.0
8480;16987.0;22123.0;1674271.0;25284.0
8490;18173.0;68346.0;1116048.0;15012.0
8500;14222.0;22518.0;1157925.0;20148.0
8510;20543.0;24889.0;1255110.0;15802.0
8520;14222.0;20938.0;1117235.0;15013.0
8530;26074.0;20543.0;1429332.0;28445.0
8540;14617.0;24889.0;1121580.0;14617.0
8550;13827.0;21333.0;1151605.0;73482.0
8560;14222.0;22124.0;1123555.0;14618.0
8570;14222.0;22518.0;1171357.0;21333.0
8580;15013.0;20148.0;1126320.0;15407.0
8590;15012.0;23704.0;1131456.0;16197.0
8600;16593.0;24889.0;1133432.0;15408.0
8610;14618.0;25284.0;1225481.0;15408.0
8620;18962.0;27654.0;1134221.0;13827.0
8630;33975.0;46223.0;1394173.0;22519.0
8640;25679.0;26864.0;1786468.0;52543.0
8650;96000.0;118519.0;1325037.0;19358.0
8660;22124.0;28444.0;1165432.0;20938.0
8670;21728.0;32000.0;1314765.0;36345.0
8680;38716.0;47407.0;4414813.0;26074.0
8690;101926.0;28049.0;1661234.0;31210.0
8700;28839.0;39111.0;1174123.0;15012.0
8710;23704.0;29629.0;1198617.0;34765.0
8720;32790.0;107852.0;1216790.0;22124.0
8730;27260.0;37136.0;1471210.0;16197.0
8740;21334.0;26074.0;1343999.0;77037.0
8750;84543.0;84938.0;1243654.0;19753.0
8760;22124.0;26469.0;1320296.0;19753.0
8770;14617.0;20148.0;1382716.0;29629.0
8780;14617.0;25284.0;1167407.0;15802.0
8790;15012.0;24889.0;1171358.0;135901.0
8800;15802.0;26469.0;1166222.0;15407.0
8810;16198.0;20939.0;1160691.0;15012.0
8820;14222.0;39901.0;1165037.0;17383.0
8830;16592.0;26469.0;1194666.0;16197.0
8840;22124.0;21333.0;1385481.0;15408.0
8850;15013.0;21333.0;1209679.0;20543.0
8860;18568.0;25284.0;1369678.0;30420.0
8870;109432.0;70716.0;1676246.0;24494.0
8880;18963.0;26469.0;1189135.0;16987.0
8890;15802.0;22914.0;1180839.0;68741.0
8900;13433.0;22123.0;1173333.0;22914.0
8910;15407.0;23309.0;1177284.0;15407.0
8920;15012.0;108642.0;1182419.0;15013.0
8930;13828.0;20543.0;1183210.0;19358.0
8940;99950.0;28049.0;1194667.0;15407.0
8950;16988.0;23308.0;1200592.0;18568.0
8960;21333.0;25679.0;1494123.0;22519.0
8970;17777.0;24889.0;1190715.0;20148.0
8980;24494.0;22914.0;1200197.0;17383.0
8990;14617.0;24099.0;1199802.0;16198.0
9000;15408.0;22519.0;1192296.0;15802.0
9010;16988.0;32000.0;1189925.0;14617.0
9020;12247.0;23703.0;1191111.0;14222.0
9030;39506.0;28840.0;1335704.0;14617.0
9040;19358.0;22518.0;1205333.0;15803.0
9050;15012.0;22518.0;1206123.0;58864.0
9060;13828.0;20543.0;1206123.0;15803.0
9070;22518.0;21728.0;1205728.0;15013.0
9080;31605.0;41876.0;2448591.0;32000.0
9090;24099.0;26469.0;1221136.0;22124.0
9100;15012.0;21728.0;1207703.0;16988.0
9110;13827.0;22123.0;1214024.0;85728.0
9120;18172.0;31605.0;1207703.0;14617.0
9130;14222.0;21728.0;1217975.0;15407.0
9140;14618.0;22519.0;1236543.0;88494.0
9150;15408.0;23309.0;1214025.0;15408.0
9160;15803.0;22913.0;1210074.0;15803.0
9170;18963.0;42272.0;1218370.0;15012.0
9180;13432.0;20938.0;1218765.0;17778.0
9190;16988.0;22519.0;1576690.0;16198.0
9200;14617.0;26865.0;1266567.0;17383.0
9210;15012.0;24099.0;2352987.0;28445.0
9220;18963.0;28445.0;1692444.0;14222.0
9230;20939.0;26470.0;1876938.0;18963.0
9240;56099.0;22914.0;1360592.0;17778.0
9250;23309.0;23704.0;1207308.0;16987.0
9260;15407.0;24889.0;1236147.0;50963.0
9270;49383.0;45037.0;2217085.0;18963.0
9280;15803.0;24099.0;1221135.0;16197.0
9290;16197.0;24889.0;1255505.0;16988.0
9300;20544.0;100346.0;1225481.0;14618.0
9310;18963.0;29630.0;1226271.0;16988.0
9320;20148.0;21728.0;1597629.0;24494.0
9330;15407.0;24888.0;1221926.0;16592.0
9340;16988.0;24493.0;1232592.0;20938.0
9350;14222.0;32790.0;1223506.0;16987.0
9360;17778.0;23703.0;1233382.0;15407.0
9370;19358.0;23309.0;1534419.0;15802.0
9380;16593.0;27259.0;1237728.0;16593.0
9390;20939.0;24889.0;1247605.0;30420.0
9400;13827.0;41876.0;1229827.0;15407.0
9410;18963.0;22518.0;1243259.0;17383.0
9420;54913.0;23309.0;1527308.0;18567.0
9430;20148.0;24493.0;1242469.0;17778.0
9440;19358.0;26074.0;1268938.0;43852.0
9450;16987.0;28840.0;1242074.0;15803.0
9460;18568.0;29629.0;1329777.0;19753.0
9470;33186.0;41877.0;2323752.0;35555.0
9480;71507.0;22914.0;1630420.0;15407.0
9490;13827.0;21729.0;1274863.0;17383.0
9500;16198.0;26864.0;1257481.0;44642.0
9510;20938.0;47012.0;1252740.0;14222.0
9520;17383.0;23704.0;1264592.0;16198.0
9530;22913.0;25679.0;1565629.0;21728.0
9540;17383.0;45432.0;1259456.0;16197.0
9550;16593.0;25284.0;1338468.0;18173.0
9560;53333.0;118519.0;1321876.0;16592.0
9570;17382.0;27655.0;1270122.0;16988.0
9580;16593.0;43852.0;1429332.0;33185.0
9590;18963.0;26074.0;1260247.0;16198.0
9600;16592.0;24889.0;1353086.0;17777.0
9610;24889.0;104691.0;1332938.0;16198.0
9620;16988.0;24889.0;1270518.0;15407.0
9630;18963.0;25284.0;1351901.0;26074.0
9640;17778.0;39506.0;1262616.0;17778.0
9650;18568.0;26864.0;1280000.0;16987.0
9660;28444.0;29630.0;3056592.0;97581.0
9670;100741.0;30025.0;1478320.0;17383.0
9680;18173.0;26074.0;1279999.0;16197.0
9690;17383.0;22123.0;1291061.0;69135.0
9700;24099.0;42272.0;1283950.0;16988.0
9710;17778.0;26074.0;1287506.0;16197.0
9720;19753.0;22519.0;1596444.0;20939.0
9730;16197.0;25284.0;1286716.0;16988.0
9740;17778.0;22518.0;1286321.0;18173.0
9750;64790.0;107062.0;1329382.0;17778.0
9760;15407.0;23704.0;1302913.0;22519.0
9770;19358.0;39901.0;1417481.0;23703.0
9780;16593.0;39507.0;1289086.0;17778.0
9790;23704.0;23704.0;1298962.0;20543.0
9800;113383.0;32396.0;1526913.0;16592.0
9810;24494.0;26865.0;1294222.0;18568.0
9820;20543.0;26864.0;1296987.0;64000.0
9830;26469.0;53333.0;1323456.0;18173.0
9840;21333.0;47013.0;1308444.0;16593.0
9850;17778.0;26074.0;1381925.0;91654.0
9860;19753.0;25284.0;1545085.0;33580.0
9870;17383.0;33580.0;1299753.0;17778.0
9880;16988.0;27259.0;1394963.0;18568.0
9890;82963.0;27654.0;1742616.0;17777.0
9900;17777.0;24889.0;1332542.0;17382.0
9910;22124.0;29234.0;1351506.0;32000.0
9920;41481.0;85333.0;1344790.0;33975.0
9930;21728.0;27654.0;1333333.0;20938.0
9940;18963.0;25679.0;1396938.0;25679.0
9950;20938.0;65580.0;1322272.0;18173.0
9960;17777.0;24099.0;1317531.0;18568.0
9970;19753.0;25679.0;1592493.0;26469.0
9980;18567.0;25679.0;1317925.0;16198.0
9990;18568.0;25284.0;1417086.0;28444.0
10000;78222.0;30420.0;1586172.0;18172.0

