Merge Sort(Cutoff: 5.0)
Count;Sorted;Reverse;Random;Same
0;0.0;0.0;395.0;8691.0
10;4346.0;30024.0;9877.0;56494.0
20;9876.0;37926.0;19358.0;23308.0
30;21728.0;77828.0;57679.0;24099.0
40;26469.0;106666.0;67951.0;26864.0
50;37531.0;186864.0;122470.0;39901.0
60;49382.0;238222.0;144197.0;52148.0
70;56888.0;388345.0;178173.0;58865.0
80;35951.0;253630.0;184889.0;40296.0
90;42271.0;145382.0;229926.0;43457.0
100;43852.0;183704.0;109037.0;48987.0
110;85334.0;207013.0;135506.0;67161.0
120;67555.0;249679.0;145778.0;71506.0
130;43456.0;225975.0;172247.0;75456.0
140;35161.0;267851.0;148148.0;38716.0
150;56889.0;446420.0;309333.0;41482.0
160;82173.0;521877.0;301037.0;64000.0
170;71506.0;412839.0;333037.0;85334.0
180;55703.0;464592.0;412444.0;50963.0
190;43852.0;551111.0;302222.0;43457.0
200;84938.0;883752.0;405728.0;52543.0
210;106271.0;1304888.0;482370.0;60840.0
220;122074.0;1327802.0;674765.0;131555.0
230;124049.0;195160.0;753383.0;126420.0
240;115358.0;190814.0;155654.0;118914.0
250;219259.0;332246.0;186469.0;114963.0
260;103901.0;220049.0;164740.0;175407.0
270;135901.0;242173.0;171852.0;119309.0
280;134716.0;240988.0;198716.0;118518.0
290;128790.0;238222.0;177778.0;130371.0
300;129185.0;248889.0;269827.0;129975.0
310;129185.0;265087.0;203062.0;135111.0
320;143407.0;269827.0;210173.0;137876.0
330;142222.0;286025.0;213334.0;144988.0
340;149333.0;299062.0;228346.0;147753.0
350;151703.0;312099.0;224790.0;149729.0
360;156444.0;325531.0;255210.0;184494.0
370;145778.0;274567.0;178172.0;180543.0
380;80593.0;267457.0;223605.0;95605.0
390;92444.0;322765.0;216098.0;97580.0
400;99950.0;202667.0;199506.0;99951.0
410;105877.0;490667.0;195555.0;99951.0
420;221630.0;289185.0;210568.0;167111.0
430;112197.0;276938.0;184494.0;111013.0
440;153284.0;259951.0;186074.0;112593.0
450;143013.0;250074.0;216099.0;119308.0
460;112988.0;293136.0;230321.0;117729.0
470;129580.0;285629.0;203852.0;143012.0
480;119309.0;369383.0;205827.0;120889.0
490;294715.0;526617.0;317234.0;131160.0
500;227555.0;605235.0;495012.0;301432.0
510;261925.0;547556.0;515950.0;263506.0
520;41087.0;386370.0;234666.0;289976.0
530;37926.0;390320.0;226370.0;38716.0
540;39506.0;378074.0;242963.0;34370.0
550;20938.0;230716.0;140642.0;22124.0
560;21728.0;277333.0;129975.0;24099.0
570;21333.0;304197.0;136296.0;21729.0
580;26469.0;335013.0;218074.0;22518.0
590;32000.0;340148.0;183703.0;41481.0
600;29234.0;294716.0;165530.0;24889.0
610;28839.0;327901.0;169481.0;28049.0
620;39506.0;342913.0;166716.0;33185.0
630;22914.0;288000.0;167901.0;26074.0
640;27654.0;311704.0;259556.0;23704.0
650;23703.0;316049.0;178963.0;30815.0
660;24889.0;327901.0;179753.0;28445.0
670;24099.0;326321.0;185284.0;25284.0
680;26864.0;335407.0;192790.0;24889.0
690;24889.0;357136.0;197926.0;27259.0
700;27259.0;353185.0;197531.0;26074.0
710;33186.0;359111.0;206617.0;25679.0
720;27655.0;420346.0;211753.0;45432.0
730;36741.0;458667.0;280889.0;29630.0
740;44247.0;438913.0;220444.0;28444.0
750;50963.0;417580.0;256395.0;31210.0
760;26469.0;422321.0;226765.0;27654.0
770;44642.0;430222.0;237037.0;28049.0
780;30815.0;465382.0;247308.0;34765.0
790;31210.0;456297.0;267062.0;36740.0
800;32000.0;457482.0;268247.0;36345.0
810;35160.0;481580.0;283654.0;34766.0
820;37531.0;557037.0;292740.0;36345.0
830;65185.0;1044938.0;523062.0;41086.0
840;44642.0;585876.0;331457.0;54518.0
850;41482.0;652641.0;348444.0;79012.0
860;41481.0;613135.0;303012.0;38716.0
870;39506.0;538469.0;299852.0;37136.0
880;77827.0;952888.0;391901.0;41086.0
890;71901.0;1004641.0;551901.0;65185.0
900;72297.0;1071407.0;581925.0;71506.0
910;67556.0;1031506.0;589037.0;77827.0
920;72692.0;1226666.0;673184.0;82963.0
930;68741.0;1114864.0;600494.0;71111.0
940;69135.0;1134617.0;628148.0;67161.0
950;40692.0;645135.0;355950.0;39506.0
960;52938.0;664494.0;365037.0;38321.0
970;58469.0;762864.0;600494.0;75456.0
980;70321.0;794074.0;409679.0;49777.0
990;44642.0;2109233.0;407703.0;41481.0
1000;139851.0;1206123.0;400593.0;40691.0
1010;82963.0;1238123.0;674765.0;77432.0
1020;86124.0;1368098.0;707555.0;77827.0
1030;112592.0;974617.0;476049.0;50173.0
1040;110617.0;925629.0;439308.0;80987.0
1050;55309.0;1264197.0;491456.0;43852.0
1060;125234.0;1136987.0;585086.0;48592.0
1070;56889.0;2122666.0;764049.0;87704.0
1080;207802.0;1388642.0;530172.0;93630.0
1090;88099.0;1357432.0;909037.0;80593.0
1100;83753.0;1938567.0;909827.0;81383.0
1110;77827.0;1640296.0;783012.0;84543.0
1120;69926.0;1955159.0;821728.0;71901.0
1130;83753.0;1394172.0;995951.0;79407.0
1140;45827.0;947358.0;502913.0;101136.0
1150;46618.0;1390222.0;517530.0;46222.0
1160;48198.0;956049.0;592987.0;56888.0
1170;87704.0;954074.0;505679.0;45432.0
1180;45037.0;971456.0;512790.0;45432.0
1190;45432.0;995160.0;601679.0;45432.0
1200;49778.0;1069432.0;545581.0;48988.0
1210;48988.0;1915654.0;582321.0;108247.0
1220;87703.0;2151900.0;1045728.0;87704.0
1230;84938.0;1756049.0;1039012.0;79407.0
1240;48198.0;1101432.0;628148.0;49777.0
1250;39506.0;1537185.0;591408.0;65975.0
1260;37926.0;1115654.0;585482.0;49383.0
1270;48198.0;1409184.0;740740.0;39111.0
1280;35555.0;1327802.0;722963.0;37136.0
1290;37926.0;1389826.0;711901.0;52544.0
1300;37926.0;2578962.0;745876.0;38716.0
1310;38321.0;1423012.0;767999.0;45037.0
1320;37926.0;1456196.0;831999.0;41482.0
1330;39902.0;1456987.0;788148.0;44247.0
1340;45037.0;1492542.0;765629.0;42667.0
1350;67950.0;1607900.0;856493.0;59654.0
1360;39111.0;1584592.0;805925.0;41086.0
1370;39506.0;1559703.0;809086.0;42667.0
1380;60840.0;1538370.0;780247.0;41877.0
1390;58074.0;1910913.0;902321.0;44247.0
1400;39506.0;1574715.0;817383.0;43061.0
1410;39111.0;1598024.0;851358.0;41877.0
1420;40692.0;1636345.0;892049.0;41086.0
1430;49778.0;2276740.0;863999.0;43061.0
1440;39902.0;1669135.0;872296.0;44642.0
1450;40297.0;1691258.0;933531.0;41876.0
1460;44247.0;1716937.0;882963.0;44247.0
1470;40691.0;1982024.0;901925.0;47802.0
1480;41877.0;1792394.0;959209.0;68741.0
1490;48592.0;1866666.0;958024.0;43456.0
1500;42667.0;1870616.0;948148.0;44642.0
1510;43062.0;2970468.0;975407.0;47407.0
1520;42271.0;2079209.0;1060740.0;45827.0
1530;76247.0;3866468.0;2116740.0;46222.0
1540;71506.0;3191307.0;2015604.0;103111.0
1550;76642.0;2869727.0;1489382.0;83358.0
1560;133531.0;4515949.0;2002172.0;144592.0
1570;50568.0;3120987.0;1799111.0;68345.0
1580;294321.0;5923553.0;3385678.0;70716.0
1590;109037.0;8162762.0;1841382.0;152098.0
1600;61630.0;2195357.0;1855209.0;109037.0
1610;56494.0;2415011.0;1125530.0;67951.0
1620;63210.0;2299258.0;1373629.0;67555.0
1630;57679.0;2159407.0;1057185.0;60445.0
1640;71901.0;3075159.0;1279209.0;79012.0
1650;96395.0;2761085.0;1714962.0;108247.0
1660;75061.0;2770567.0;1463308.0;79408.0
1670;105876.0;3580443.0;1782123.0;108247.0
1680;58864.0;2208789.0;1145284.0;63605.0
1690;88888.0;2227752.0;1273678.0;87704.0
1700;69135.0;2357333.0;1887604.0;75062.0
1710;65975.0;4793282.0;1103407.0;65581.0
1720;84939.0;3245826.0;2031802.0;148938.0
1730;111802.0;3820245.0;1929480.0;122469.0
1740;61235.0;2687209.0;2001777.0;123260.0
1750;60444.0;2313085.0;1166221.0;62815.0
1760;59654.0;4304195.0;1202962.0;77432.0
1770;118914.0;2890270.0;1876937.0;84543.0
1780;78222.0;2715654.0;1283160.0;87704.0
1790;111803.0;2635851.0;1861136.0;87704.0
1800;59259.0;2517333.0;1329777.0;60445.0
1810;60049.0;3920591.0;1274073.0;62024.0
1820;64395.0;2482567.0;1620543.0;108247.0
1830;59259.0;2433580.0;1266567.0;63210.0
1840;61235.0;2741332.0;1972938.0;63210.0
1850;60444.0;2846813.0;1345580.0;63210.0
1860;60049.0;5594072.0;1386667.0;63210.0
1870;111407.0;3951801.0;2548542.0;241778.0
1880;80988.0;3346172.0;2410665.0;135506.0
1890;61630.0;2661925.0;1497678.0;64395.0
1900;60444.0;3317332.0;1397333.0;65185.0
1910;61630.0;2778073.0;1505185.0;110617.0
1920;62420.0;2773332.0;1444740.0;63605.0
1930;142222.0;3909530.0;1918419.0;63210.0
1940;62419.0;2776888.0;1598419.0;65580.0
1950;68346.0;3603357.0;1591703.0;64000.0
1960;97185.0;4429035.0;2641381.0;194765.0
1970;123654.0;5563652.0;3200789.0;110223.0
1980;105086.0;9928688.0;3371060.0;128790.0
1990;112988.0;7932442.0;2534320.0;114172.0
2000;130765.0;5759208.0;2946764.0;225580.0
2010;121679.0;4956443.0;2913974.0;448395.0
2020;132346.0;5503997.0;3019061.0;109432.0
2030;113777.0;5577874.0;2815209.0;118123.0
2040;70321.0;3280592.0;1631209.0;101531.0
2050;114963.0;5942121.0;2179160.0;70717.0
2060;67160.0;3188147.0;1812543.0;73482.0
2070;129185.0;8128392.0;2442666.0;71111.0
2080;109827.0;6966516.0;3100444.0;119308.0
2090;67951.0;3303900.0;2565925.0;111012.0
2100;141432.0;5251948.0;2735406.0;71111.0
2110;67555.0;3346566.0;1703900.0;71111.0
2120;67951.0;3432295.0;2409085.0;157629.0
2130;67556.0;3482468.0;2836542.0;110617.0
2140;68741.0;3484048.0;2640196.0;118518.0
2150;69136.0;4472887.0;1746962.0;71111.0
2160;69926.0;3529085.0;1835851.0;94420.0
2170;68741.0;4355159.0;1875357.0;72296.0
2180;69136.0;3641282.0;2899752.0;103901.0
2190;68346.0;4849381.0;1854815.0;72296.0
2200;72296.0;3702518.0;1914468.0;77037.0
2210;69926.0;4682665.0;1894715.0;71506.0
2220;70716.0;3644443.0;1872197.0;73482.0
2230;69531.0;4496196.0;1820443.0;73482.0
2240;72296.0;3806814.0;1933431.0;75457.0
2250;69531.0;4199900.0;1892740.0;73482.0
2260;69531.0;3758616.0;1902221.0;83753.0
2270;70716.0;4280097.0;1909332.0;81777.0
2280;70716.0;3807603.0;1930666.0;75852.0
2290;89284.0;4056097.0;1985184.0;75062.0
2300;71506.0;5450269.0;1986765.0;75062.0
2310;114963.0;4398220.0;6036145.0;107062.0
2320;130765.0;6957429.0;2081184.0;78222.0
2330;77827.0;3994073.0;2010469.0;76247.0
2340;72692.0;4607208.0;2009678.0;75061.0
2350;73877.0;3981035.0;2127012.0;76641.0
2360;71506.0;4525430.0;2186666.0;81383.0
2370;73877.0;4028838.0;2070122.0;75852.0
2380;74271.0;4613924.0;2042864.0;75062.0
2390;75062.0;4191603.0;2227752.0;82963.0
2400;109037.0;4307751.0;2253432.0;76247.0
2410;72691.0;4138665.0;2211950.0;76642.0
2420;76642.0;4180147.0;2782814.0;73481.0
2430;73481.0;4210961.0;2192987.0;79407.0
2440;74667.0;4242961.0;2441086.0;87309.0
2450;73481.0;4287209.0;2181530.0;75852.0
2460;75062.0;5552986.0;2238814.0;103901.0
2470;75457.0;4970665.0;2272394.0;76247.0
2480;75062.0;4470122.0;2240790.0;77432.0
2490;75456.0;4931553.0;2225777.0;77037.0
2500;75457.0;4465381.0;2398023.0;78618.0
2510;79407.0;4498171.0;3140345.0;77432.0
2520;76642.0;8948935.0;2297283.0;79407.0
2530;80593.0;4583899.0;3938369.0;137876.0
2540;83753.0;4686220.0;2642171.0;91259.0
2550;77037.0;5195850.0;2399209.0;78222.0
2560;77037.0;4759306.0;2393283.0;79407.0
2570;77432.0;5222319.0;2436740.0;79013.0
2580;77827.0;4771554.0;2491258.0;80593.0
2590;78617.0;4872690.0;3071603.0;80197.0
2600;80198.0;5183208.0;2439901.0;80593.0
2610;77827.0;4961183.0;2482962.0;83358.0
2620;79013.0;5579455.0;2496789.0;79802.0
2630;79802.0;4967109.0;2649283.0;81778.0
2640;80987.0;5136985.0;3225678.0;101531.0
2650;78222.0;5725232.0;2596739.0;81383.0
2660;79407.0;5104196.0;2596740.0;81382.0
2670;91259.0;5150417.0;3436641.0;80593.0
2680;79407.0;5855997.0;2674171.0;81383.0
2690;79802.0;5298565.0;2679307.0;82963.0
2700;111407.0;5228640.0;3195654.0;82963.0
2710;82963.0;8564540.0;2747258.0;84938.0
2720;84544.0;5746170.0;4932344.0;135902.0
2730;81383.0;5387850.0;2688394.0;84939.0
2740;112198.0;5381923.0;2970467.0;82568.0
2750;81382.0;5907751.0;2714864.0;84543.0
2760;82568.0;5488590.0;2795060.0;84938.0
2770;118519.0;5516244.0;3080295.0;83753.0
2780;83753.0;6333627.0;2735011.0;85333.0
2790;85333.0;5601578.0;2797431.0;88494.0
2800;94024.0;5646220.0;3718715.0;87308.0
2810;88099.0;6164541.0;2871703.0;86123.0
2820;84543.0;5635553.0;2996147.0;91259.0
2830;91259.0;5769084.0;3388838.0;89679.0
2840;90074.0;6255010.0;2935307.0;90864.0
2850;92049.0;5921577.0;3043949.0;92445.0
2860;90469.0;5890763.0;2975998.0;101926.0
2870;128790.0;6135701.0;3833677.0;91654.0
2880;95210.0;7103207.0;3068838.0;93630.0
2890;162765.0;1.1501032E7;5508343.0;171457.0
2900;92444.0;6660738.0;3130073.0;94815.0
2910;91654.0;6968491.0;3159308.0;94420.0
2920;92839.0;6157034.0;3181431.0;95605.0
2930;93235.0;6214713.0;3558320.0;112197.0
2940;111407.0;6292540.0;3774024.0;128790.0
2950;92049.0;7555553.0;3199999.0;98371.0
2960;92444.0;7076738.0;3218171.0;99161.0
2970;93235.0;6354565.0;3334320.0;97976.0
2980;93630.0;6462022.0;3215406.0;132741.0
2990;96395.0;6540244.0;4579949.0;107062.0
3000;121679.0;7192886.0;3887801.0;97580.0
3010;97185.0;7171948.0;3318517.0;96000.0
3020;126420.0;7483651.0;3338666.0;173827.0
3030;160395.0;1.013412E7;5167010.0;96395.0
3040;129975.0;7311800.0;3918220.0;102716.0
3050;99161.0;7262022.0;3558715.0;97580.0
3060;96395.0;6682072.0;3432295.0;97976.0
3070;96000.0;6787553.0;3710814.0;149334.0
3080;100346.0;6849182.0;4201479.0;98371.0
3090;99555.0;7270318.0;3500640.0;99556.0
3100;99160.0;7632194.0;3582419.0;107062.0
3110;100740.0;7498268.0;3711999.0;105481.0
3120;105086.0;7863305.0;3745579.0;105086.0
3130;185284.0;7120590.0;3717924.0;110222.0
3140;105086.0;7280194.0;3752689.0;156444.0
3150;107062.0;7431108.0;4310122.0;113777.0
3160;109037.0;8629330.0;4745085.0;109827.0
3170;190025.0;1.209797E7;7674861.0;1451851.0
3180;116148.0;7997627.0;5089973.0;120494.0
3190;110222.0;8060047.0;3874369.0;114568.0
3200;115358.0;8166318.0;4174221.0;114568.0
3210;114173.0;8385182.0;4103900.0;116148.0
3220;114568.0;8216096.0;4142615.0;118518.0
3230;116148.0;8321181.0;4392690.0;119309.0
3240;116148.0;8522663.0;5295011.0;120099.0
3250;118124.0;8649083.0;4257578.0;121284.0
3260;120889.0;8854910.0;4380443.0;122470.0
3270;120494.0;8818170.0;4304986.0;122864.0
3280;124840.0;9945280.0;4504097.0;126024.0
3290;125235.0;9040984.0;6996935.0;127210.0
3300;122074.0;8846219.0;4375702.0;126815.0
3310;124445.0;8691750.0;4460640.0;127210.0
3320;250864.0;8677922.0;4580739.0;127605.0
3330;201481.0;8594959.0;4963554.0;129975.0
3340;128000.0;8656589.0;5148443.0;128790.0
3350;125629.0;8740737.0;5204936.0;131555.0
3360;129975.0;8785774.0;5349133.0;128000.0
3370;129975.0;8865576.0;5231010.0;129186.0
3380;126815.0;8984491.0;5327800.0;320790.0
3390;211753.0;9553379.0;4749825.0;132741.0
3400;127605.0;9819651.0;9502416.0;131160.0
3410;125630.0;9760391.0;4735208.0;126815.0
3420;124445.0;9398120.0;4778665.0;131951.0
3430;141828.0;9235750.0;5269331.0;124840.0
3440;124840.0;9268935.0;5480689.0;123654.0
3450;141827.0;9339651.0;5366122.0;124839.0
3460;125235.0;9415897.0;5534417.0;138667.0
3470;124840.0;9603552.0;4999110.0;155655.0
3480;123654.0;1.0102514E7;5033874.0;126420.0
3490;123654.0;1.0025082E7;4984492.0;125234.0
3500;121679.0;9982811.0;5127505.0;124840.0
3510;234666.0;1.2600094E7;7081083.0;132346.0
3520;123259.0;9829527.0;5796344.0;125235.0
3530;123260.0;1.1642859E7;5410369.0;192790.0
3540;122469.0;1.0575798E7;5188343.0;128000.0
3550;122074.0;1.0453329E7;5280789.0;126025.0
3560;124444.0;1.064612E7;5149232.0;128000.0
3570;192000.0;1.0166514E7;5570368.0;125234.0
3580;129580.0;1.0239996E7;6155454.0;126025.0
3590;121679.0;1.0848786E7;5312393.0;135111.0
3600;121679.0;1.0770564E7;5280788.0;124840.0
3610;128790.0;1.5931253E7;5366912.0;124840.0
3620;130765.0;1.0765428E7;6412244.0;128000.0
3630;121284.0;1.084365E7;5747751.0;210173.0
3640;123259.0;1.0982317E7;5781726.0;151704.0
3650;174222.0;1.0834958E7;5314764.0;131161.0
3660;123655.0;1.0645329E7;6004146.0;128395.0
3670;127605.0;1.1213823E7;5687702.0;136297.0
3680;123654.0;1.129481E7;5536393.0;126814.0
3690;128000.0;1.1359601E7;5544690.0;127605.0
3700;124444.0;1.0874465E7;6065380.0;129185.0
3710;131555.0;1.6893623E7;5865479.0;142222.0
3720;128395.0;1.1371058E7;5686121.0;128395.0
3730;128000.0;1.1060539E7;6212738.0;127210.0
3740;125235.0;1.1567798E7;5736294.0;264296.0
3750;126419.0;1.1506958E7;5756442.0;135506.0
3760;183703.0;1.1240687E7;6130171.0;128790.0
3770;126815.0;1.1911897E7;6487306.0;128000.0
3780;128000.0;1.1918217E7;5937381.0;129581.0
3790;125630.0;1.1982612E7;5754862.0;211358.0
3800;129975.0;1.8539449E7;6523651.0;135111.0
3810;129580.0;1.1958119E7;6040887.0;131951.0
3820;128395.0;1.1592291E7;6446615.0;130370.0
3830;131555.0;1.2281674E7;5950418.0;143408.0
3840;130765.0;1.2134711E7;6134516.0;133136.0
3850;129185.0;1.1981032E7;6846812.0;134321.0
3860;136691.0;1.2501724E7;6099751.0;137087.0
3870;128395.0;1.2442859E7;6143602.0;134716.0
3880;131951.0;1.203555E7;6641775.0;134716.0
3890;129580.0;1.7522561E7;6259355.0;135901.0
3900;131555.0;1.2551106E7;7556343.0;135506.0
3910;129185.0;1.2662119E7;6366022.0;135506.0
3920;187654.0;1.2408489E7;6319405.0;133136.0
3930;134320.0;1.2739155E7;6761479.0;133926.0
3940;129975.0;1.2828044E7;6478615.0;134321.0
3950;133926.0;1.2374909E7;6888689.0;136296.0
3960;130765.0;1.2777476E7;6334812.0;179753.0
3970;139062.0;1.292681E7;6416195.0;133136.0
3980;134321.0;1.9013128E7;7119405.0;136691.0
3990;172642.0;1.279723E7;6746466.0;141432.0
4000;137086.0;1.3064686E7;6808886.0;296692.0
4010;135901.0;1.3105378E7;6629133.0;136692.0
4020;136296.0;1.3368884E7;7065676.0;137086.0
4030;133136.0;1.3393773E7;6655603.0;138271.0
4040;133926.0;1.3376785E7;7234762.0;137087.0
4050;133135.0;1.3437624E7;6851553.0;141827.0
4060;137087.0;1.6936685E7;7730565.0;144592.0
4070;175803.0;1.3128686E7;8400194.0;267457.0
4080;137876.0;1.3634365E7;6750812.0;234272.0
4090;138272.0;1.3455007E7;6913973.0;140247.0
4100;139852.0;1.3838612E7;6970466.0;137482.0
4110;136296.0;1.3761575E7;6996936.0;140247.0
4120;135902.0;1.4028241E7;7302318.0;140247.0
4130;138272.0;1.3884834E7;7140343.0;139456.0
4140;146568.0;1.4167698E7;7290466.0;141432.0
4150;138271.0;1.4287797E7;1.3471994E7;242173.0
4160;136692.0;1.4357722E7;7120194.0;140642.0
4170;138272.0;1.4903303E7;7614417.0;142223.0
4180;137086.0;1.4288192E7;7233577.0;142222.0
4190;141037.0;1.4398414E7;7527503.0;145383.0
4200;164346.0;1.4183106E7;7265578.0;143802.0
4210;222025.0;1.4388933E7;7320491.0;214518.0
4220;141827.0;1.7560882E7;7941528.0;143802.0
4230;144198.0;1.4470711E7;7529083.0;243753.0
4240;140642.0;1.4580143E7;7466664.0;160000.0
4250;143407.0;1.4403944E7;7815108.0;144593.0
4260;139852.0;1.5006019E7;7388047.0;145382.0
4270;143802.0;1.4919896E7;7888984.0;153284.0
4280;141432.0;1.4944784E7;7384886.0;145382.0
4290;140247.0;1.5197229E7;7902022.0;145778.0
4300;279308.0;2.3668139E7;8177774.0;146963.0
4310;144987.0;1.5165229E7;7990910.0;152099.0
4320;141827.0;1.526992E7;7535010.0;149334.0
4330;147358.0;1.5305871E7;7971552.0;148543.0
4340;146963.0;1.5343796E7;8232688.0;148543.0
4350;141037.0;1.5405031E7;7533824.0;147754.0
4360;142617.0;1.5518019E7;7990911.0;149728.0
4370;207803.0;1.9514461E7;8032392.0;147753.0
4380;145777.0;1.5614808E7;1.0582119E7;206617.0
4390;239012.0;1.5616389E7;7964836.0;148148.0
4400;144988.0;1.5738067E7;8086120.0;259556.0
4410;146173.0;1.5882661E7;8978564.0;148148.0
4420;224000.0;1.5814314E7;8047799.0;155259.0
4430;149333.0;1.594508E7;8128392.0;158420.0
4440;148939.0;1.7909326E7;8420738.0;154864.0
4450;147358.0;1.6105871E7;8850564.0;223605.0
4460;149333.0;1.6157228E7;8753775.0;151309.0
4470;150519.0;1.6468932E7;9023206.0;151704.0
4480;324345.0;2.7242656E7;1.3120785E7;150914.0
4490;148543.0;1.6404142E7;8139058.0;156049.0
4500;162765.0;2.017856E7;9154762.0;153679.0
4510;150124.0;1.8108438E7;1.2216884E7;330271.0
4520;150914.0;1.7055203E7;9138959.0;158814.0
4530;150123.0;1.8609375E7;9042170.0;229531.0
4540;152494.0;1.6726907E7;8745083.0;167506.0
4550;154864.0;1.677787E7;9029133.0;153283.0
4560;152099.0;1.6924043E7;9112095.0;151704.0
4570;149728.0;2.2797423E7;8487898.0;153284.0
4580;177778.0;1.7081277E7;9107749.0;153284.0
4590;152889.0;1.7244042E7;8611552.0;156050.0
4600;160395.0;1.722903E7;8769577.0;163161.0
4610;229926.0;1.7503598E7;9145281.0;171062.0
4620;150518.0;1.7408388E7;9041379.0;154074.0
4630;162370.0;1.7496487E7;9435651.0;158025.0
4640;156049.0;1.7703894E7;1.591703E7;159210.0
4650;152494.0;1.767466E7;9408787.0;160000.0
4660;151309.0;1.7618166E7;9190712.0;165531.0
4670;152493.0;1.7757622E7;9374021.0;160790.0
4680;191605.0;1.7916832E7;9200984.0;156445.0
4690;153284.0;1.8266462E7;8856885.0;155655.0
4700;151308.0;2.3544484E7;9125133.0;156049.0
4710;165926.0;1.9423598E7;9773033.0;161975.0
4720;236246.0;1.9414511E7;1.1347354E7;207802.0
4730;160790.0;1.8267252E7;9754465.0;164346.0
4740;158025.0;1.8218264E7;9853625.0;161580.0
4750;160000.0;1.8333622E7;9704293.0;162765.0
4760;272592.0;2.1349917E7;1.1303501E7;163556.0
4770;160395.0;1.8404339E7;9374416.0;167506.0
4780;165136.0;1.8529968E7;9615403.0;161185.0
4790;161185.0;1.864493E7;9599997.0;163555.0
4800;161975.0;1.8617672E7;9680194.0;158814.0
4810;163555.0;1.8973227E7;9619354.0;184888.0
4820;221235.0;1.8912388E7;1.5383697E7;170667.0
4830;215704.0;1.8975992E7;9521379.0;168296.0
4840;164740.0;1.9274264E7;1.0271601E7;165135.0
4850;166716.0;1.912414E7;1.1541329E7;172642.0
4860;169482.0;1.9163647E7;1.0224589E7;165925.0
4870;162766.0;2.0319202E7;1.0085131E7;166716.0
4880;167902.0;1.9759005E7;1.0394465E7;625383.0
4890;165135.0;1.9746758E7;9912885.0;163556.0
4900;165531.0;1.9556733E7;9766712.0;169481.0
4910;191209.0;1.9577671E7;1.0249873E7;162765.0
4920;162371.0;1.9634165E7;1.065007E7;162370.0
4930;159605.0;2.4952483E7;1.071328E7;161185.0
4940;168296.0;2.0476436E7;1.3203748E7;175802.0
4950;160395.0;2.0167498E7;9965823.0;165135.0
4960;218469.0;1.9916239E7;1.0110416E7;163950.0
4970;168691.0;2.0054116E7;1.0764243E7;170272.0
4980;162371.0;2.0144979E7;1.0638218E7;166716.0
4990;163555.0;2.0267844E7;1.4710908E7;282074.0
5000;160790.0;2.0693325E7;1.0192588E7;168296.0
5010;254419.0;2.0500535E7;1.017086E7;172247.0
5020;168692.0;2.0366214E7;1.1031304E7;167111.0
5030;164740.0;2.0553869E7;1.0896984E7;167111.0
5040;163556.0;2.6153076E7;1.0719601E7;195950.0
5050;165531.0;2.0985671E7;1.0219452E7;173827.0
5060;163556.0;2.0794461E7;1.104039E7;169481.0
5070;169877.0;2.0988041E7;1.1052638E7;173037.0
5080;165926.0;2.0967893E7;1.1072786E7;168296.0
5090;164740.0;2.1970164E7;1.0853922E7;265086.0
5100;167507.0;2.1005819E7;1.7064685E7;170271.0
5110;165925.0;2.0994362E7;1.1000095E7;169481.0
5120;163555.0;2.1620929E7;1.0728687E7;217283.0
5130;174617.0;2.1234164E7;1.0982712E7;172247.0
5140;169087.0;2.1366905E7;1.1301131E7;174222.0
5150;171852.0;2.6848779E7;1.1334711E7;177778.0
5160;171062.0;2.1488585E7;1.1220538E7;172247.0
5170;166321.0;2.1626065E7;1.157965E7;171062.0
5180;173037.0;2.1622115E7;1.1521575E7;176987.0
5190;167901.0;2.2079202E7;1.0860243E7;173037.0
5200;167901.0;2.3116237E7;1.1577674E7;172642.0
5210;174222.0;2.2265276E7;1.2626563E7;320790.0
5220;187259.0;2.2009275E7;1.1404638E7;173432.0
5230;174618.0;2.2049571E7;1.1530662E7;177383.0
5240;169087.0;2.2580929E7;1.1673279E7;173828.0
5250;197531.0;2.239446E7;1.1568983E7;173432.0
5260;174222.0;2.264967E7;1.747871E7;172642.0
5270;187655.0;2.2386164E7;1.1786662E7;175803.0
5280;171457.0;2.2538658E7;1.2104292E7;174222.0
5290;169086.0;2.5374015E7;1.1616391E7;284444.0
5300;173037.0;2.5322657E7;1.2840687E7;247704.0
5310;174222.0;2.4423892E7;2.0505671E7;299852.0
5320;175408.0;2.3314954E7;1.3357822E7;295901.0
5330;190025.0;2.3324436E7;1.2203057E7;175407.0
5340;223605.0;2.3348534E7;1.193323E7;176197.0
5350;177778.0;2.8759692E7;1.2134316E7;176988.0
5360;175407.0;2.3179842E7;1.2361477E7;176198.0
5370;172246.0;2.3656287E7;1.2110218E7;176197.0
5380;176593.0;2.3289275E7;1.2382415E7;176198.0
5390;180543.0;2.3844336E7;1.2233081E7;176987.0
5400;378074.0;2.9323841E7;1.180918E7;179358.0
5410;174222.0;2.4209374E7;1.1922168E7;250074.0
5420;180544.0;2.3762954E7;1.2710711E7;185283.0
5430;187259.0;2.4204238E7;1.2202267E7;207407.0
5440;175803.0;2.3757027E7;1.305797E7;177382.0
5450;198716.0;2.5105372E7;1.8046017E7;203852.0
5460;176987.0;2.4288781E7;1.270044E7;231111.0
5470;182913.0;2.4011842E7;1.2739155E7;186074.0
5480;175802.0;2.4652632E7;1.2379649E7;190024.0
5490;178568.0;3.0789123E7;1.2915353E7;180148.0
5500;180148.0;2.4424287E7;1.2854514E7;180938.0
5510;184889.0;2.4942607E7;1.2346069E7;191209.0
5520;176988.0;2.4581916E7;1.2904292E7;182914.0
5530;179753.0;2.4973423E7;1.2346464E7;183704.0
5540;184098.0;3.0085914E7;1.2949328E7;184098.0
5550;176593.0;2.4772731E7;1.3096686E7;185679.0
5560;192395.0;2.4887299E7;1.2517131E7;183703.0
5570;180938.0;2.5834657E7;1.2978562E7;185284.0
5580;184493.0;2.5096286E7;1.3260242E7;180938.0
5590;440099.0;2.5738262E7;1.6789327E7;189234.0
5600;181333.0;2.5588928E7;1.3166217E7;267852.0
5610;186074.0;2.576157E7;1.3336093E7;182913.0
5620;182913.0;2.5504781E7;1.3566019E7;184493.0
5630;182123.0;3.4893023E7;1.4375106E7;184098.0
5640;183309.0;2.5721274E7;1.3711797E7;185284.0
5650;180543.0;2.6182706E7;1.3723648E7;182913.0
5660;180543.0;2.6221421E7;1.3458168E7;182914.0
5670;179753.0;2.5822015E7;1.3999796E7;183704.0
5680;186470.0;2.6044039E7;1.8600684E7;290765.0
5690;182518.0;2.7041174E7;1.3420637E7;267061.0
5700;184889.0;2.6768187E7;1.4005328E7;188445.0
5710;183308.0;2.6742903E7;1.3769081E7;185679.0
5720;186469.0;3.3248382E7;1.4168884E7;189234.0
5730;186074.0;2.6881964E7;1.4287007E7;289580.0
5740;187654.0;2.6582113E7;1.3967796E7;191999.0
5750;187654.0;2.6985866E7;1.3579056E7;201086.0
5760;265877.0;3.339337E7;1.3913278E7;185284.0
5770;192000.0;2.7153372E7;1.3881673E7;188050.0
5780;189235.0;2.7302705E7;1.418192E7;266272.0
5790;185284.0;2.7952186E7;1.4585278E7;187259.0
5800;189629.0;2.7271891E7;1.4521279E7;190815.0
5810;185284.0;2.7658656E7;2.0608782E7;282469.0
5820;185679.0;2.8355544E7;1.4381822E7;193975.0
5830;192395.0;2.9094309E7;1.6600882E7;193185.0
5840;188839.0;3.1678803E7;1.6569278E7;189629.0
5850;195160.0;2.8001964E7;2.0896387E7;378469.0
5860;187260.0;2.7853817E7;1.4708142E7;192000.0
5870;200296.0;3.4675345E7;1.4267254E7;192395.0
5880;189629.0;3.3994258E7;1.4615303E7;194370.0
5890;187259.0;2.8367396E7;1.5539352E7;195951.0
5900;187654.0;2.8447199E7;1.4748438E7;192790.0
5910;190420.0;2.8864383E7;1.4904093E7;193975.0
5920;195951.0;3.0168877E7;1.4902908E7;191604.0
5930;189629.0;2.8626556E7;1.5827351E7;553481.0
5940;190420.0;2.8806704E7;1.4970463E7;196345.0
5950;199112.0;2.915831E7;1.517471E7;192395.0
5960;196346.0;2.9072977E7;1.4961377E7;192395.0
5970;230321.0;2.8788927E7;2.1583004E7;198716.0
5980;231506.0;2.9041766E7;1.4741723E7;207407.0
5990;386766.0;2.8935099E7;1.5018661E7;296691.0
6000;218074.0;3.3038999E7;1.4975204E7;241778.0
6010;192000.0;2.9524136E7;1.5579253E7;344888.0
6020;190025.0;2.9795544E7;1.5410562E7;193581.0
6030;193185.0;3.2056086E7;1.5258068E7;198321.0
6040;195951.0;3.467969E7;1.542913E7;195161.0
6050;202271.0;2.938547E7;1.5363944E7;311309.0
6060;193580.0;2.9690063E7;1.5540932E7;196740.0
6070;198321.0;3.0054309E7;1.5744784E7;196740.0
6080;197136.0;3.6952479E7;1.5491155E7;199901.0
6090;199111.0;3.0093025E7;1.5672092E7;195951.0
6100;192790.0;3.0359297E7;1.5660241E7;201482.0
6110;214913.0;3.0150309E7;1.540029E7;200296.0
6120;204247.0;3.580443E7;1.5572142E7;218074.0
6130;200296.0;3.0725914E7;1.5695401E7;199111.0
6140;192790.0;3.0727889E7;1.613313E7;201876.0
6150;195160.0;3.098942E7;1.5782315E7;201087.0
6160;212938.0;3.7389812E7;1.5692636E7;201086.0
6170;242963.0;3.1128086E7;1.6178166E7;202667.0
6180;206222.0;3.1990506E7;1.6161574E7;204247.0
6190;208593.0;3.0920285E7;1.603871E7;206618.0
6200;205037.0;3.1344975E7;2.2241967E7;263506.0
6210;205432.0;3.1171149E7;1.6195944E7;214519.0
6220;206618.0;3.1351296E7;1.594271E7;211358.0
6230;215703.0;3.3032283E7;1.6010265E7;301037.0
6240;344494.0;3.2699246E7;2.2151102E7;765630.0
6250;216098.0;3.2732432E7;1.6953278E7;221630.0
6260;220839.0;3.3001074E7;1.6694117E7;218864.0
6270;214124.0;3.8694305E7;1.6026858E7;222025.0
6280;216099.0;3.1973519E7;1.6128389E7;225975.0
6290;220050.0;3.2040283E7;1.5983401E7;222025.0
6300;256395.0;3.201974E7;1.6057277E7;227950.0
6310;225975.0;3.2027642E7;2.3220139E7;227556.0
6320;341729.0;3.2316431E7;1.6252833E7;227160.0
6330;228740.0;3.2479197E7;1.6267055E7;226370.0
6340;224395.0;3.6792084E7;1.6398216E7;227951.0
6350;231901.0;3.272374E7;1.6550709E7;240593.0
6360;231901.0;3.2645518E7;1.6304587E7;236642.0
6370;229531.0;3.5773616E7;1.6692932E7;232296.0
6380;239802.0;3.8876825E7;3.1317321E7;234667.0
6390;235852.0;3.285174E7;1.6370166E7;232692.0
6400;231111.0;3.3079296E7;1.6933129E7;235457.0
6410;231506.0;3.984354E7;1.6162759E7;237432.0
6420;233877.0;3.317253E7;1.6449179E7;236642.0
6430;236642.0;3.3116432E7;1.6556635E7;242173.0
6440;238617.0;3.6851738E7;1.6963549E7;254815.0
6450;242962.0;3.3179641E7;1.6572438E7;353185.0
6460;244938.0;3.3530456E7;1.6494216E7;319209.0
6470;240197.0;3.3390604E7;1.6667647E7;248494.0
6480;258370.0;4.0006305E7;1.6559006E7;252444.0
6490;245728.0;3.3507542E7;1.6742314E7;252445.0
6500;265876.0;3.371258E7;1.6530562E7;256790.0
6510;250073.0;3.4439097E7;1.6660537E7;253630.0
6520;256000.0;3.3987147E7;1.7633968E7;875851.0
6530;246123.0;3.3675443E7;1.6460241E7;252839.0
6540;335012.0;3.3955543E7;1.6536882E7;256395.0
6550;251259.0;3.9898453E7;1.6756537E7;253630.0
6560;254420.0;3.4018357E7;1.6989228E7;262321.0
6570;252445.0;3.4051542E7;1.674824E7;259951.0
6580;267852.0;3.4677714E7;1.6910216E7;334222.0
6590;437728.0;3.4176777E7;1.7446314E7;818963.0
6600;265481.0;3.4049172E7;1.6746265E7;268642.0
6610;367802.0;3.4212333E7;1.6663302E7;274173.0
6620;269827.0;4.0914947E7;1.6832784E7;271012.0
6630;260741.0;3.4446604E7;1.6981327E7;268642.0
6640;265086.0;3.4542998E7;1.6722166E7;361087.0
6650;354370.0;4.5675439E7;1.7396931E7;269827.0
6660;283259.0;3.5667739E7;1.7349524E7;291951.0
6670;277333.0;3.4610554E7;1.7627648E7;335802.0
6680;266271.0;3.4500727E7;1.7290659E7;268642.0
6690;271013.0;3.4496382E7;2.2944386E7;348839.0
6700;283259.0;3.4814406E7;1.710261E7;283259.0
6710;261531.0;3.4544974E7;1.7236536E7;269037.0
6720;264296.0;4.0192774E7;1.7803054E7;303408.0
6730;293136.0;3.4886307E7;1.7012932E7;266667.0
6740;267852.0;3.4759888E7;1.7427746E7;268247.0
6750;297877.0;3.5146652E7;1.7448685E7;270222.0
6760;328692.0;3.5006011E7;2.2940041E7;502123.0
6770;266666.0;3.4967295E7;1.7417079E7;266666.0
6780;308148.0;3.5016677E7;1.8083153E7;307753.0
6790;705975.0;3.5248579E7;2.143209E7;276939.0
6800;270222.0;3.4804529E7;1.7596437E7;266667.0
6810;262320.0;3.5182603E7;1.7756833E7;365827.0
6820;265086.0;4.10947E7;1.7717326E7;264692.0
6830;268642.0;3.5029715E7;1.7787253E7;264296.0
6840;265086.0;3.5027739E7;1.7838216E7;284049.0
6850;263111.0;3.6310109E7;1.7366117E7;268247.0
6860;265877.0;3.4987838E7;1.8302017E7;867160.0
6870;263901.0;3.5226456E7;1.7908141E7;285234.0
6880;263506.0;3.5504974E7;1.7771054E7;267457.0
6890;547160.0;4.125549E7;1.8014413E7;265481.0
6900;268642.0;3.5251344E7;1.7812536E7;266271.0
6910;324741.0;3.5407394E7;1.7834265E7;270222.0
6920;265481.0;4.1546256E7;1.8131746E7;263506.0
6930;265877.0;3.541806E7;1.7913277E7;265087.0
6940;262716.0;3.5559097E7;1.8299647E7;384395.0
6950;261925.0;3.621885E7;1.8172438E7;263901.0
6960;267062.0;3.6164727E7;2.4068337E7;269037.0
6970;262716.0;3.9086601E7;1.8203647E7;266272.0
6980;263506.0;3.5794949E7;1.8752388E7;269037.0
6990;277333.0;3.984354E7;1.8543795E7;264691.0
7000;308148.0;3.7194652E7;1.8872487E7;265482.0
7010;265877.0;3.9182996E7;1.9576091E7;270223.0
7020;400592.0;4.6300031E7;2.078735E7;310913.0
7030;267062.0;3.7419442E7;1.8871696E7;304988.0
7040;259556.0;3.7015689E7;1.9573721E7;353185.0
7050;288000.0;4.2194946E7;1.8984683E7;269827.0
7060;326320.0;3.6438899E7;1.8793474E7;267456.0
7070;265481.0;3.6776677E7;1.8207203E7;284049.0
7080;261531.0;4.2085514E7;1.8877227E7;265482.0
7090;280889.0;3.6521072E7;1.8593573E7;270222.0
7100;262321.0;3.6680677E7;1.9121771E7;365037.0
7110;300642.0;3.6990405E7;1.8351796E7;265481.0
7120;263506.0;3.6869122E7;2.2627547E7;615901.0
7130;263111.0;3.7402849E7;1.9201178E7;270222.0
7140;263901.0;3.7042158E7;1.8911597E7;263901.0
7150;261926.0;3.737559E7;2.5633965E7;264296.0
7160;263506.0;3.7448282E7;1.9129276E7;269037.0
7170;271012.0;3.7114849E7;1.9268338E7;263901.0
7180;266271.0;3.772443E7;2.5024781E7;297877.0
7190;275358.0;3.7334109E7;1.9597819E7;265481.0
7200;260740.0;3.7719294E7;1.9394362E7;267456.0
7210;265086.0;4.2981909E7;1.9557524E7;275358.0
7220;262716.0;3.772838E7;1.9136782E7;268641.0
7230;274173.0;3.8028232E7;1.9721079E7;381630.0
7240;268246.0;4.2488477E7;2.0022906E7;272988.0
7250;281284.0;3.9088577E7;2.0019745E7;279308.0
7260;274963.0;3.8363639E7;1.9546461E7;286419.0
7270;274568.0;4.3946254E7;1.9653128E7;293926.0
7280;271013.0;3.8957417E7;1.9992091E7;269432.0
7290;263111.0;3.9098454E7;1.9622709E7;266666.0
7300;268642.0;4.4360279E7;1.9794955E7;265877.0
7310;265876.0;3.8985861E7;1.9917425E7;271408.0
7320;271012.0;4.2212329E7;2.0149721E7;274173.0
7330;312889.0;4.3752674E7;2.036977E7;269432.0
7340;265481.0;4.0160379E7;2.0455893E7;325531.0
7350;265481.0;3.9177466E7;2.0245325E7;274568.0
7360;268246.0;4.5864673E7;1.9975893E7;284444.0
7370;266272.0;3.9982601E7;2.011456E7;272197.0
7380;265876.0;4.0077022E7;2.0089671E7;269037.0
7390;263901.0;4.5339636E7;2.0154856E7;267851.0
7400;265877.0;3.9770453E7;2.1077325E7;269827.0
7410;266272.0;4.0551095E7;2.14313E7;273777.0
7420;270617.0;4.81505E7;2.040414E7;280889.0
7430;358716.0;4.0085713E7;2.049698E7;272988.0
7440;280494.0;4.007386E7;2.0707547E7;274173.0
7450;271802.0;4.626171E7;2.1481473E7;277729.0
7460;270617.0;4.0929564E7;2.085846E7;270617.0
7470;267457.0;4.115712E7;2.0909819E7;291950.0
7480;268246.0;4.0462207E7;2.8374902E7;271802.0
7490;275358.0;4.06787E7;2.0918115E7;280098.0
7500;270618.0;4.151544E7;2.1084436E7;271013.0
7510;272592.0;4.1118404E7;2.8052137E7;273382.0
7520;271407.0;4.1439984E7;2.0978955E7;477629.0
7530;268247.0;4.6941216E7;2.1004633E7;271802.0
7540;274173.0;4.1499242E7;2.1793176E7;275358.0
7550;271802.0;4.3565415E7;2.5394953E7;483555.0
7560;415210.0;4.7072772E7;2.0958016E7;274173.0
7570;272198.0;4.2140427E7;2.159604E7;275358.0
7580;270617.0;4.2718403E7;2.1904189E7;278124.0
7590;283259.0;5.0806103E7;2.4321176E7;289185.0
7600;273778.0;4.2354157E7;2.2494016E7;276544.0
7610;271012.0;4.2717218E7;2.2031399E7;279309.0
7620;270617.0;4.2016774E7;2.810389E7;279703.0
7630;272197.0;4.2820724E7;2.1807003E7;291556.0
7640;273778.0;4.7898055E7;2.1492534E7;277333.0
7650;273383.0;4.3016674E7;2.2012831E7;348049.0
7660;274963.0;4.3137958E7;2.1428534E7;278123.0
7670;276939.0;4.8583092E7;2.2544979E7;277334.0
7680;277333.0;4.5789216E7;2.1974905E7;281679.0
7690;272197.0;4.2896576E7;2.3030905E7;283654.0
7700;1717332.0;4.3217761E7;2.6729076E7;282074.0
7710;273778.0;4.3654699E7;2.2170066E7;304197.0
7720;277333.0;4.5379537E7;2.2016387E7;276938.0
7730;274963.0;4.4062403E7;2.3260435E7;287605.0
7740;276543.0;4.3495884E7;2.3143497E7;283655.0
7750;278123.0;4.8993561E7;2.2443053E7;280099.0
7760;280494.0;4.4276526E7;2.2909226E7;285235.0
7770;281284.0;4.4207785E7;2.2373522E7;279308.0
7780;281284.0;4.4443637E7;2.9723248E7;284444.0
7790;279308.0;4.4253217E7;2.3213818E7;283259.0
7800;282469.0;4.9140129E7;2.2737373E7;290765.0
7810;276543.0;4.4763242E7;2.319999E7;287605.0
7820;286025.0;4.4763242E7;2.2693127E7;282074.0
7830;285630.0;5.027356E7;2.3025769E7;290765.0
7840;285629.0;4.5082057E7;2.3220929E7;285235.0
7850;277334.0;4.5050056E7;2.2985077E7;280889.0
7860;288395.0;4.4878205E7;3.2321568E7;282074.0
7870;278123.0;4.5545069E7;2.2898559E7;398223.0
7880;475259.0;5.569657E7;2.3680386E7;283259.0
7890;279703.0;4.7220524E7;2.4856484E7;286815.0
7900;292740.0;4.6428031E7;2.7341026E7;284840.0
7910;280494.0;4.6204426E7;3.047505E7;282469.0
7920;334617.0;4.558497E7;2.3380534E7;285630.0
7930;286419.0;5.1569362E7;2.3323645E7;285234.0
7940;278519.0;4.6234846E7;2.3248189E7;295506.0
7950;283654.0;4.6562352E7;2.4173423E7;295111.0
7960;284839.0;4.6573018E7;3.0980333E7;288790.0
7970;333037.0;4.587455E7;2.376888E7;286815.0
7980;283259.0;5.206714E7;2.373767E7;287605.0
7990;287605.0;4.6825068E7;2.3918212E7;304197.0
8000;285629.0;4.6974401E7;2.4230706E7;288394.0
8010;289185.0;5.0573017E7;3.0507445E7;286025.0
8020;283654.0;4.7196821E7;2.4366608E7;300247.0
8030;286815.0;5.5283732E7;2.4624582E7;296691.0
8040;291951.0;4.7785463E7;2.444246E7;288395.0
8050;289976.0;4.7595438E7;2.4862805E7;292741.0
8060;290765.0;4.7755043E7;3.102063E7;289975.0
8070;288790.0;4.8112179E7;2.4781422E7;293926.0
8080;299852.0;5.3562053E7;2.4585866E7;295901.0
8090;288395.0;4.8109808E7;2.4958805E7;289185.0
8100;376098.0;4.8524227E7;2.5116435E7;298666.0
8110;292346.0;4.8301808E7;3.3240876E7;293925.0
8120;288395.0;4.8506055E7;2.5162657E7;293925.0
8130;298272.0;5.2681461E7;2.5799891E7;291555.0
8140;290766.0;4.8541215E7;2.5194261E7;295506.0
8150;290370.0;4.8886104E7;2.5788039E7;292346.0
8160;289975.0;4.9184375E7;2.8575988E7;540444.0
8170;295111.0;4.959603E7;2.5697965E7;297086.0
8180;303802.0;6.1162247E7;2.6957421E7;296692.0
8190;297087.0;4.9972918E7;2.6869718E7;299852.0
8200;327506.0;5.4709311E7;2.5865866E7;293531.0
8210;288790.0;4.934082E7;2.5621323E7;296691.0
8220;291951.0;4.9848079E7;2.5494113E7;295507.0
8230;293136.0;4.9633956E7;3.1659839E7;296296.0
8240;297876.0;4.9916425E7;2.550241E7;303408.0
8250;299062.0;5.4849954E7;2.5491743E7;300247.0
8260;292741.0;5.0027042E7;2.5776187E7;296297.0
8270;297877.0;5.2982497E7;2.6279891E7;304197.0
8280;293926.0;4.9925511E7;2.6042064E7;617086.0
8290;291160.0;5.0131733E7;2.5899052E7;296691.0
8300;295901.0;5.0405116E7;3.2283246E7;294716.0
8310;292741.0;5.0625166E7;2.6362459E7;299457.0
8320;293136.0;5.6044225E7;2.6640187E7;293926.0
8330;311704.0;5.5068028E7;2.6845619E7;318420.0
8340;306963.0;6.0337359E7;3.0377074E7;342123.0
8350;302222.0;5.0966893E7;2.6481372E7;299852.0
8360;300247.0;5.1003634E7;2.653115E7;296296.0
8370;308939.0;5.1373807E7;3.1915049E7;299457.0
8380;294716.0;5.1335881E7;2.6929767E7;300642.0
8390;295902.0;5.5358398E7;2.6603446E7;301432.0
8400;299062.0;5.1511289E7;2.640236E7;322371.0
8410;307753.0;5.7208867E7;2.6323348E7;298666.0
8420;299852.0;5.2001165E7;2.7202359E7;301432.0
8430;295111.0;5.1905955E7;2.6543792E7;300247.0
8440;299061.0;5.2060029E7;3.2692135E7;363457.0
8450;297482.0;5.2338548E7;2.7081866E7;299851.0
8460;295901.0;6.6107629E7;2.7186162E7;303802.0
8470;293531.0;5.2221214E7;2.704868E7;305382.0
8480;296692.0;5.7381508E7;2.6433174E7;308543.0
8490;296691.0;5.2647881E7;2.7294014E7;306963.0
8500;295902.0;5.2640375E7;2.7096483E7;327111.0
8510;299062.0;5.2863584E7;3.1886605E7;497777.0
8520;295111.0;5.283988E7;2.7128088E7;302222.0
8530;555061.0;5.495267E7;2.8943791E7;304988.0
8540;295506.0;5.3018053E7;2.7354063E7;306567.0
8550;308543.0;5.9358792E7;2.7203545E7;303407.0
8560;305778.0;5.3901411E7;2.7998804E7;307753.0
8570;346074.0;5.8478199E7;2.7217767E7;308148.0
8580;320790.0;5.428383E7;2.8137866E7;316444.0
8590;306173.0;5.6240175E7;2.8005914E7;302222.0
8600;296691.0;5.4538645E7;2.7358409E7;460641.0
8610;300641.0;5.4174004E7;2.8376088E7;303013.0
8620;376099.0;5.4527188E7;3.4365617E7;308543.0
8630;304988.0;5.4214694E7;2.8244532E7;309728.0
8640;487506.0;5.6361065E7;3.0802161E7;305777.0
8650;301827.0;5.5113854E7;2.7620335E7;327506.0
8660;301827.0;6.0927186E7;2.8558606E7;304592.0
8670;312099.0;5.5782694E7;2.9012926E7;308543.0
8680;308543.0;7.468718E7;2.9309223E7;308543.0
8690;303802.0;5.5687484E7;2.9077322E7;311308.0
8700;305777.0;6.2836124E7;2.9971741E7;391901.0
8710;350025.0;6.2307136E7;3.6555047E7;314074.0
8720;353580.0;6.8243331E7;3.2888086E7;337383.0
8730;310518.0;5.6107039E7;2.8856878E7;308938.0
8740;325530.0;6.2021111E7;2.8895593E7;389531.0
8750;307358.0;5.6160768E7;2.8212137E7;318815.0
8760;307753.0;6.0205013E7;2.8971446E7;306568.0
8770;303407.0;5.5982595E7;2.9239297E7;312494.0
8780;366222.0;5.646299E7;2.8752977E7;312889.0
8790;372938.0;5.6356323E7;3.5905566E7;312494.0
8800;314074.0;5.6711879E7;2.9315939E7;317630.0
8810;309334.0;5.6934298E7;3.7033072E7;313284.0
8820;309729.0;5.6907434E7;2.948621E7;314469.0
8830;442469.0;5.7846496E7;3.4782406E7;391111.0
8840;307358.0;5.7013311E7;3.0416186E7;312494.0
8850;316049.0;6.3026543E7;2.986547E7;312494.0
8860;309333.0;5.7173706E7;2.9968975E7;317234.0
8870;327111.0;6.4852517E7;2.9065075E7;402568.0
8880;314074.0;6.04061E7;3.0542605E7;368197.0
8890;314469.0;7.6297056E7;3.259179E7;353976.0
8900;393481.0;5.7791583E7;3.0844037E7;395457.0
8910;310913.0;6.4525801E7;2.9566013E7;312099.0
8920;311309.0;6.0690939E7;2.9796334E7;313284.0
8930;398617.0;6.669627E7;3.1901617E7;331061.0
8940;515160.0;6.3420814E7;3.2152481E7;316444.0
8950;387951.0;1.0346228E8;3.0084334E7;320000.0
8960;881383.0;1.29631553E8;1.1395156E8;316444.0
8970;1275654.0;8.3658634E7;8.3811918E7;527802.0
8980;321185.0;7.4207971E7;4.0847392E7;524247.0
8990;311703.0;6.0642346E7;3.086458E7;321580.0
9000;315654.0;6.4642739E7;3.1605321E7;317629.0
9010;317234.0;5.9749902E7;3.0294111E7;316839.0
9020;312494.0;6.4602444E7;3.0563148E7;317234.0
9030;315259.0;5.9454001E7;3.0262111E7;321580.0
9040;315259.0;6.4119283E7;3.0794654E7;318815.0
9050;431407.0;5.9460323E7;3.1089765E7;453135.0
9060;370567.0;6.3546444E7;3.0629914E7;429037.0
9070;324346.0;5.973094E7;3.1297173E7;318025.0
9080;314864.0;6.605074E7;3.3680974E7;317629.0
9090;317235.0;6.0676322E7;3.1194852E7;320000.0
9100;320000.0;6.5122739E7;3.1407395E7;324741.0
9110;380444.0;6.0169062E7;3.0815197E7;401383.0
9120;330666.0;6.6190592E7;3.1469024E7;333827.0
9130;318024.0;6.1054396E7;3.1467839E7;338963.0
9140;316445.0;6.6520467E7;3.2067147E7;325531.0
9150;333037.0;6.3859332E7;3.3689271E7;376889.0
9160;323950.0;6.6285406E7;3.4200876E7;364642.0
9170;540049.0;6.2842444E7;3.1346161E7;345284.0
9180;323160.0;6.5863875E7;3.2153666E7;331456.0
9190;335407.0;6.236521E7;3.9824577E7;321581.0
9200;321975.0;6.7398295E7;3.1547247E7;325926.0
9210;322766.0;6.1898247E7;3.1631395E7;325530.0
9220;700444.0;6.6072073E7;3.2103099E7;329482.0
9230;334617.0;6.2400371E7;3.2214111E7;339358.0
9240;566914.0;6.3149407E7;3.756759E7;331457.0
9250;367407.0;6.3835629E7;3.2312481E7;326716.0
9260;342123.0;6.2322149E7;4.0008281E7;377283.0
9270;320790.0;6.2823876E7;3.1901222E7;328691.0
9280;474864.0;6.239563E7;3.9204725E7;323951.0
9290;319604.0;6.3358395E7;3.2489468E7;327901.0
9300;322371.0;6.2912765E7;3.856196E7;328691.0
9310;332641.0;6.3002049E7;3.2431394E7;392691.0
9320;326716.0;6.3401851E7;3.8562355E7;327111.0
9330;388740.0;6.3828913E7;3.1817074E7;353186.0
9340;327506.0;6.3674049E7;3.3626061E7;544395.0
9350;417975.0;6.8837109E7;3.2647098E7;331851.0
9360;322370.0;6.5113259E7;3.3453419E7;423506.0
9370;416000.0;8.1101005E7;3.7485813E7;368592.0
9380;334222.0;6.4378838E7;3.499732E7;389531.0
9390;328691.0;6.9687281E7;3.3444332E7;332642.0
9400;359111.0;6.5466838E7;3.3263395E7;333037.0
9410;378074.0;6.4627728E7;3.9312577E7;329086.0
9420;333827.0;6.4869505E7;3.3633962E7;339358.0
9430;331061.0;6.5114049E7;4.3481267E7;332641.0
9440;328692.0;6.6393653E7;3.3360974E7;333037.0
9450;335803.0;6.9588516E7;3.394132E7;443259.0
9460;348445.0;6.9725602E7;3.9478898E7;348839.0
9470;331457.0;6.6000961E7;3.4033765E7;335012.0
9480;437729.0;7.0166491E7;3.4416579E7;335407.0
9490;335013.0;6.5432468E7;3.3903789E7;335802.0
9500;407704.0;7.1362343E7;3.618922E7;342123.0
9510;331852.0;6.5984369E7;3.4373123E7;345679.0
9520;562567.0;6.6265258E7;3.9801664E7;340543.0
9530;355556.0;6.6325702E7;3.5013912E7;335803.0
9540;332246.0;6.6905652E7;3.9577664E7;336197.0
9550;333037.0;6.7201949E7;3.4574208E7;337778.0
9560;331851.0;6.7167578E7;3.4745271E7;517531.0
9570;337382.0;7.2414391E7;3.4903295E7;341333.0
9580;340148.0;6.7081455E7;3.4331641E7;339753.0
9590;336988.0;7.2525008E7;3.5584381E7;338963.0
9600;331456.0;6.7178245E7;3.4443048E7;336592.0
9610;333827.0;7.1297947E7;3.5211048E7;341333.0
9620;348840.0;6.8243331E7;3.5743196E7;366222.0
9630;339358.0;6.7667727E7;4.2288181E7;394272.0
9640;348444.0;6.81738E7;3.5444529E7;349629.0
9650;338567.0;6.8671973E7;4.2774106E7;338962.0
9660;337778.0;8.5670288E7;3.5274258E7;345679.0
9670;338173.0;6.8783381E7;3.5583196E7;373728.0
9680;339358.0;7.6854488E7;3.6609961E7;355950.0
9690;342123.0;6.9215578E7;3.59988E7;357136.0
9700;346469.0;7.3055971E7;4.2774501E7;450370.0
9710;350815.0;7.3635131E7;3.9407787E7;382815.0
9720;350419.0;6.9394935E7;3.6256381E7;387556.0
9730;346864.0;7.606081E7;3.5782701E7;342914.0
9740;339357.0;6.964738E7;3.6990011E7;347654.0
9750;529778.0;7.0875231E7;3.8217071E7;357530.0
9760;345679.0;6.9572714E7;3.7118801E7;339753.0
9770;550321.0;6.9869404E7;4.3608477E7;348840.0
9780;389925.0;7.5191674E7;3.6110603E7;346469.0
9790;342123.0;7.2547131E7;3.7115245E7;344098.0
9800;342519.0;7.5210242E7;3.6695294E7;478024.0
9810;352395.0;7.5858933E7;3.9934008E7;348049.0
9820;371358.0;7.1594244E7;4.9336869E7;352395.0
9830;399408.0;7.5606884E7;3.6189616E7;348444.0
9840;343703.0;7.3923526E7;3.7021615E7;381235.0
9850;351605.0;7.6487081E7;3.9755046E7;439308.0
9860;461037.0;7.2318786E7;3.9248972E7;484346.0
9870;346074.0;7.1149799E7;4.3892131E7;353580.0
9880;438518.0;7.9488759E7;3.7516627E7;346469.0
9890;352395.0;7.1430293E7;3.7343985E7;357136.0
9900;362272.0;7.6822093E7;3.8419738E7;349629.0
9910;348444.0;7.1333502E7;3.7391392E7;361876.0
9920;354766.0;7.2036317E7;4.3414502E7;352395.0
9930;433777.0;7.6371328E7;3.7331738E7;352790.0
9940;425087.0;7.2107033E7;3.7003047E7;350024.0
9950;349234.0;7.7268908E7;3.846991E7;360296.0
9960;353580.0;7.2630095E7;3.8144775E7;350025.0
9970;353580.0;7.2296663E7;4.3576872E7;359901.0
9980;358321.0;7.862792E7;3.8010059E7;417185.0
9990;350419.0;7.2424268E7;3.8930552E7;380840.0
10000;358716.0;7.8377451E7;3.7736282E7;358716.0

