Quick Sort Naive (Cutoff: 5.0)
Count;Sorted;Reverse;Random;Same
0;395.0;395.0;1580.0;11457.0
10;8691.0;12642.0;19358.0;38716.0
20;26074.0;35951.0;41876.0;13827.0
30;67556.0;57679.0;81383.0;19753.0
40;52148.0;58074.0;145778.0;17778.0
50;53333.0;43457.0;45037.0;12247.0
60;99555.0;84148.0;56889.0;22519.0
70;49777.0;54518.0;64395.0;15407.0
80;34765.0;40296.0;73482.0;55308.0
90;43457.0;43852.0;85334.0;11852.0
100;44247.0;46618.0;64395.0;23308.0
110;43062.0;79407.0;88099.0;11062.0
120;98370.0;91259.0;115753.0;28840.0
130;85728.0;83358.0;142223.0;16988.0
140;49778.0;55309.0;66370.0;13432.0
150;56098.0;92049.0;68346.0;10272.0
160;99950.0;110617.0;172246.0;11852.0
170;95605.0;110617.0;151309.0;37531.0
180;101530.0;122074.0;158420.0;18963.0
190;107852.0;116543.0;152098.0;22123.0
200;112592.0;128790.0;145383.0;22914.0
210;111012.0;79407.0;166716.0;20938.0
220;89284.0;87309.0;108642.0;13432.0
230;185679.0;164346.0;243358.0;24494.0
240;159605.0;161185.0;180543.0;26864.0
250;159605.0;171456.0;218469.0;43456.0
260;174222.0;169086.0;263901.0;53729.0
270;170667.0;164345.0;239803.0;28050.0
280;239803.0;176988.0;502913.0;70716.0
290;173827.0;176197.0;263111.0;29630.0
300;236642.0;201086.0;302223.0;32000.0
310;102716.0;111407.0;258370.0;31605.0
320;113778.0;116148.0;173037.0;20149.0
330;111802.0;184888.0;185679.0;18568.0
340;205037.0;187654.0;193580.0;18568.0
350;217679.0;221235.0;307753.0;37135.0
360;203061.0;242568.0;372148.0;35950.0
370;212543.0;234666.0;330272.0;38321.0
380;222025.0;212938.0;300247.0;39506.0
390;228346.0;245333.0;331061.0;35161.0
400;249679.0;278519.0;363062.0;42666.0
410;283654.0;259951.0;362666.0;41877.0
420;160000.0;155259.0;215308.0;26074.0
430;167901.0;156445.0;241778.0;24494.0
440;181333.0;178568.0;207012.0;23704.0
450;171457.0;175013.0;233481.0;27259.0
460;170667.0;182518.0;224000.0;24889.0
470;197926.0;200296.0;242568.0;34371.0
480;329086.0;302223.0;411259.0;41877.0
490;354765.0;348840.0;546765.0;47408.0
500;416395.0;396642.0;446419.0;44642.0
510;378864.0;378469.0;481580.0;55704.0
520;479210.0;389135.0;580740.0;47407.0
530;508839.0;333432.0;873876.0;56099.0
540;1207703.0;389926.0;406913.0;50568.0
550;533728.0;377284.0;873876.0;54518.0
560;374123.0;376493.0;626173.0;59655.0
570;338567.0;485926.0;653827.0;172246.0
580;403358.0;389926.0;1451062.0;57679.0
590;836345.0;370172.0;1213629.0;142617.0
600;383605.0;487901.0;1017679.0;69926.0
610;354765.0;376889.0;540839.0;68740.0
620;413629.0;392296.0;531358.0;47803.0
630;372938.0;315259.0;545185.0;58074.0
640;393086.0;403753.0;585481.0;60444.0
650;412050.0;433777.0;613531.0;64000.0
660;411259.0;410074.0;557037.0;58469.0
670;437729.0;420345.0;632889.0;82173.0
680;417185.0;427456.0;762074.0;61630.0
690;425086.0;400197.0;668839.0;63210.0
700;344494.0;438519.0;589827.0;55703.0
710;367012.0;375703.0;590617.0;52148.0
720;380049.0;387950.0;562173.0;53728.0
730;322765.0;227950.0;606025.0;61234.0
740;227951.0;236642.0;355556.0;32000.0
750;230716.0;413234.0;420346.0;32395.0
760;516345.0;477234.0;734025.0;160000.0
770;457087.0;478815.0;663308.0;65976.0
780;266666.0;259951.0;617877.0;64395.0
790;502518.0;487111.0;611950.0;34371.0
800;598518.0;602469.0;791703.0;59259.0
810;502914.0;487506.0;716642.0;66766.0
820;535704.0;522666.0;687802.0;67951.0
830;446025.0;459852.0;660938.0;61235.0
840;442469.0;469728.0;641975.0;69136.0
850;297877.0;312888.0;544000.0;36741.0
860;540839.0;528198.0;812247.0;67556.0
870;610766.0;581530.0;788148.0;69531.0
880;606814.0;578766.0;788543.0;71112.0
890;592592.0;613136.0;869926.0;73482.0
900;623802.0;539654.0;948148.0;76247.0
910;326321.0;328691.0;442074.0;38716.0
920;358716.0;350814.0;543210.0;48197.0
930;337778.0;339357.0;481975.0;40691.0
940;337382.0;344888.0;478024.0;39506.0
950;335802.0;342123.0;466963.0;40296.0
960;340543.0;344099.0;554667.0;41876.0
970;342124.0;350025.0;489482.0;42667.0
980;357926.0;527803.0;475654.0;47408.0
990;361877.0;397827.0;530963.0;45037.0
1000;387160.0;439309.0;532543.0;82963.0
1010;390716.0;411259.0;546370.0;47012.0
1020;376889.0;385185.0;776296.0;44641.0
1030;378469.0;376494.0;575604.0;52148.0
1040;386765.0;393876.0;524642.0;44247.0
1050;435358.0;374123.0;732049.0;45037.0
1060;453926.0;757333.0;616691.0;83753.0
1070;586272.0;477630.0;1146468.0;88494.0
1080;453926.0;407704.0;583111.0;45828.0
1090;387951.0;393086.0;534123.0;48593.0
1100;395061.0;525037.0;548346.0;47407.0
1110;471704.0;409679.0;583111.0;73086.0
1120;451556.0;402173.0;592987.0;50173.0
1130;421531.0;645531.0;578765.0;58074.0
1140;706765.0;695704.0;2909233.0;78222.0
1150;745877.0;819753.0;1007802.0;88099.0
1160;790518.0;739161.0;1062321.0;96790.0
1170;658962.0;663704.0;1049679.0;97976.0
1180;655012.0;657382.0;967901.0;81383.0
1190;683456.0;751802.0;937086.0;82963.0
1200;856099.0;735210.0;1028741.0;89284.0
1210;3091357.0;444839.0;1216394.0;88099.0
1220;443654.0;442469.0;654222.0;51753.0
1230;483555.0;439308.0;654222.0;52543.0
1240;445629.0;443259.0;887308.0;52543.0
1250;447999.0;449185.0;705185.0;113383.0
1260;841086.0;813036.0;1175703.0;99556.0
1270;671604.0;745876.0;1000691.0;80593.0
1280;585876.0;463012.0;754962.0;94420.0
1290;455901.0;455506.0;655012.0;55309.0
1300;463802.0;479210.0;669630.0;58469.0
1310;453135.0;562568.0;754172.0;75852.0
1320;685037.0;559012.0;909826.0;90469.0
1330;470123.0;466963.0;713481.0;57679.0
1340;468938.0;475259.0;748642.0;63210.0
1350;901531.0;899160.0;1313975.0;58864.0
1360;877037.0;860049.0;1329777.0;110617.0
1370;853333.0;602074.0;1429333.0;121284.0
1380;538469.0;601284.0;848197.0;59654.0
1390;479210.0;491062.0;733235.0;69135.0
1400;483160.0;484740.0;837926.0;58469.0
1410;921678.0;555061.0;1433678.0;59654.0
1420;922074.0;993975.0;1359802.0;61235.0
1430;967506.0;979358.0;1445135.0;118123.0
1440;897580.0;964741.0;1469234.0;111012.0
1450;944987.0;926815.0;1293037.0;137482.0
1460;927210.0;935111.0;1434864.0;131160.0
1470;499358.0;512395.0;926419.0;63210.0
1480;511605.0;509234.0;793283.0;63210.0
1490;510420.0;531753.0;829629.0;71111.0
1500;540049.0;521086.0;785383.0;64000.0
1510;520296.0;520296.0;796839.0;65580.0
1520;523852.0;534518.0;927209.0;65975.0
1530;523061.0;525827.0;862815.0;67160.0
1540;536099.0;533333.0;799605.0;64395.0
1550;530567.0;543210.0;844642.0;64790.0
1560;545580.0;545185.0;881777.0;64790.0
1570;561778.0;558222.0;895605.0;65975.0
1580;559012.0;562172.0;826469.0;65185.0
1590;562963.0;659753.0;868345.0;66765.0
1600;641975.0;643555.0;984889.0;80198.0
1610;877432.0;1015703.0;1102617.0;74271.0
1620;1121580.0;1245234.0;1553777.0;222420.0
1630;658963.0;670419.0;1332938.0;140642.0
1640;699259.0;698469.0;990815.0;79802.0
1650;692148.0;696493.0;973036.0;84543.0
1660;790913.0;728494.0;1407604.0;76247.0
1670;711506.0;699654.0;1082864.0;75062.0
1680;723357.0;711111.0;1150419.0;77037.0
1690;732049.0;719012.0;978568.0;75456.0
1700;736000.0;726914.0;1272099.0;78223.0
1710;726123.0;734814.0;1010173.0;77827.0
1720;751802.0;751012.0;1015308.0;78617.0
1730;744296.0;752197.0;1016098.0;79012.0
1740;671210.0;680296.0;930765.0;73481.0
1750;677531.0;706765.0;928395.0;72691.0
1760;682667.0;689777.0;1072592.0;73086.0
1770;698074.0;700049.0;946172.0;73086.0
1780;699654.0;710320.0;956839.0;79407.0
1790;707161.0;717827.0;989234.0;75457.0
1800;713876.0;717037.0;1078519.0;73876.0
1810;718617.0;726123.0;1108542.0;75061.0
1820;715851.0;724148.0;1040197.0;75457.0
1830;726914.0;731259.0;986864.0;75456.0
1840;724938.0;729679.0;1088395.0;78618.0
1850;731654.0;737975.0;1011752.0;79012.0
1860;741135.0;738370.0;1074963.0;77037.0
1870;754173.0;845431.0;1070222.0;77827.0
1880;738766.0;833580.0;1065876.0;99951.0
1890;740741.0;748641.0;1028741.0;82173.0
1900;746271.0;752593.0;1033481.0;78618.0
1910;749827.0;759703.0;1080889.0;80198.0
1920;834370.0;759703.0;1045333.0;80197.0
1930;756938.0;767604.0;1061530.0;83358.0
1940;778666.0;766419.0;1059160.0;82173.0
1950;758914.0;768394.0;1052839.0;84148.0
1960;761679.0;773530.0;1231407.0;84148.0
1970;765629.0;775901.0;1120790.0;81383.0
1980;798419.0;783802.0;1101431.0;81383.0
1990;788148.0;786172.0;3204739.0;82568.0
2000;798814.0;790518.0;1116444.0;92050.0
2010;233481.0;228345.0;733629.0;84544.0
2020;224395.0;223605.0;467753.0;22913.0
2030;225580.0;226765.0;465777.0;21729.0
2040;225580.0;232691.0;504099.0;20543.0
2050;370567.0;376888.0;903506.0;21728.0
2060;364247.0;352395.0;659753.0;35160.0
2070;385580.0;345284.0;690173.0;34765.0
2080;234667.0;239407.0;477234.0;21729.0
2090;228346.0;229531.0;500938.0;21334.0
2100;233877.0;230320.0;476444.0;31210.0
2110;230321.0;234272.0;488296.0;21333.0
2120;232691.0;232692.0;515160.0;22124.0
2130;231506.0;238222.0;492642.0;21729.0
2140;233086.0;237432.0;514370.0;21729.0
2150;234271.0;243358.0;512000.0;22519.0
2160;233481.0;241777.0;498568.0;21729.0
2170;235852.0;245333.0;482765.0;22123.0
2180;239012.0;239013.0;504889.0;22124.0
2190;237827.0;245728.0;621432.0;22124.0
2200;243753.0;250864.0;515950.0;23309.0
2210;246518.0;250470.0;523457.0;23309.0
2220;243357.0;249679.0;518321.0;22914.0
2230;362271.0;342124.0;634864.0;22518.0
2240;272592.0;250864.0;726518.0;39507.0
2250;338963.0;353580.0;626567.0;30815.0
2260;340938.0;346864.0;663704.0;37531.0
2270;352000.0;366617.0;643160.0;34370.0
2280;338173.0;352000.0;669234.0;31210.0
2290;358716.0;353975.0;665284.0;32000.0
2300;368197.0;361086.0;688197.0;32790.0
2310;342519.0;372148.0;675556.0;32395.0
2320;350814.0;346074.0;687407.0;32395.0
2330;355950.0;355555.0;693728.0;32000.0
2340;356741.0;373334.0;660543.0;33185.0
2350;342914.0;346074.0;726913.0;35160.0
2360;358716.0;363062.0;692543.0;33975.0
2370;372938.0;366222.0;677531.0;32000.0
2380;345679.0;354370.0;649086.0;31210.0
2390;494617.0;353975.0;683852.0;38321.0
2400;369382.0;383604.0;684246.0;33580.0
2410;352000.0;366222.0;687802.0;34371.0
2420;350420.0;352790.0;687013.0;37926.0
2430;363062.0;364642.0;700049.0;33976.0
2440;256790.0;264691.0;2925036.0;40297.0
2450;260346.0;264692.0;566518.0;24493.0
2460;261926.0;268247.0;563358.0;26074.0
2470;258370.0;268642.0;581926.0;24494.0
2480;265876.0;265876.0;581926.0;24494.0
2490;268247.0;282469.0;583111.0;25679.0
2500;271802.0;266667.0;629728.0;27655.0
2510;263901.0;271012.0;595753.0;25284.0
2520;266667.0;269828.0;620246.0;25284.0
2530;267852.0;264691.0;587851.0;25283.0
2540;263111.0;274173.0;627358.0;25679.0
2550;271012.0;267852.0;591802.0;26469.0
2560;271408.0;287605.0;628542.0;26469.0
2570;264296.0;270222.0;592592.0;25679.0
2580;277333.0;271408.0;601283.0;25679.0
2590;576790.0;579555.0;1703505.0;45827.0
2600;452346.0;459061.0;870715.0;41481.0
2610;269827.0;278124.0;626962.0;26864.0
2620;271803.0;298272.0;593778.0;26469.0
2630;270222.0;276543.0;614321.0;27654.0
2640;272987.0;279308.0;626568.0;26074.0
2650;272593.0;280494.0;614715.0;25284.0
2660;276543.0;281679.0;610765.0;28839.0
2670;272593.0;281678.0;602864.0;25679.0
2680;353185.0;283259.0;641975.0;26074.0
2690;277334.0;281284.0;626173.0;26469.0
2700;277728.0;285629.0;641185.0;26074.0
2710;276543.0;286814.0;656592.0;26864.0
2720;282469.0;289185.0;629728.0;26864.0
2730;285630.0;285234.0;734419.0;27654.0
2740;277728.0;287605.0;649086.0;26864.0
2750;278519.0;282864.0;630123.0;27260.0
2760;280494.0;285630.0;637235.0;26469.0
2770;282469.0;295506.0;678716.0;26470.0
2780;282864.0;297086.0;649481.0;28049.0
2790;280889.0;286419.0;647901.0;28050.0
2800;280888.0;297086.0;660543.0;27655.0
2810;289580.0;292346.0;653432.0;28839.0
2820;285629.0;289185.0;739161.0;28444.0
2830;292740.0;290766.0;711506.0;32790.0
2840;288790.0;292346.0;657382.0;28444.0
2850;287210.0;299457.0;657777.0;28444.0
2860;293135.0;297877.0;662518.0;28445.0
2870;288395.0;294321.0;659753.0;30420.0
2880;289580.0;299851.0;678716.0;28839.0
2890;291951.0;298271.0;667654.0;28445.0
2900;299852.0;301432.0;717827.0;29234.0
2910;295901.0;303408.0;671605.0;29630.0
2920;298271.0;302222.0;679111.0;31210.0
2930;296691.0;306172.0;699654.0;29234.0
2940;297086.0;307358.0;726518.0;28840.0
2950;300642.0;307753.0;779061.0;32000.0
2960;308544.0;306963.0;700839.0;29235.0
2970;304197.0;309333.0;707160.0;29630.0
2980;305777.0;314074.0;717827.0;30420.0
2990;303408.0;395456.0;688987.0;30025.0
3000;304197.0;313284.0;711901.0;30420.0
3010;305778.0;312494.0;721383.0;34370.0
3020;304987.0;321975.0;690568.0;30025.0
3030;307753.0;322371.0;727308.0;29630.0
3040;307752.0;323161.0;738765.0;30420.0
3050;309334.0;323160.0;706765.0;30025.0
3060;309334.0;327901.0;736395.0;32790.0
3070;311704.0;320000.0;703210.0;30815.0
3080;316445.0;330271.0;709926.0;30420.0
3090;315654.0;326321.0;747061.0;31209.0
3100;320000.0;330272.0;727308.0;30815.0
3110;326321.0;331456.0;749432.0;31210.0
3120;331062.0;546370.0;730864.0;31605.0
3130;540445.0;585086.0;1071012.0;50173.0
3140;385185.0;379259.0;994370.0;49382.0
3150;336988.0;344889.0;737185.0;34371.0
3160;337382.0;348049.0;756148.0;31210.0
3170;337778.0;474469.0;917729.0;44641.0
3180;474469.0;476839.0;947753.0;46618.0
3190;478815.0;489481.0;963950.0;54124.0
3200;480000.0;480790.0;977777.0;54518.0
3210;482766.0;490667.0;946568.0;52938.0
3220;496592.0;494222.0;940642.0;47013.0
3230;488692.0;495407.0;1012147.0;47013.0
3240;492247.0;500543.0;993580.0;58074.0
3250;501728.0;505679.0;971062.0;51753.0
3260;501728.0;505284.0;1073777.0;45037.0
3270;511210.0;516740.0;953283.0;49383.0
3280;500938.0;523061.0;925630.0;51753.0
3290;512000.0;534914.0;958024.0;45432.0
3300;525037.0;557432.0;974222.0;49383.0
3310;539654.0;565728.0;1020049.0;48198.0
3320;547161.0;556641.0;973432.0;44247.0
3330;551901.0;568888.0;929580.0;44642.0
3340;576790.0;529778.0;995555.0;45827.0
3350;558617.0;546371.0;1041382.0;45432.0
3360;564148.0;545185.0;1084444.0;50568.0
3370;535704.0;542025.0;1026765.0;48198.0
3380;552691.0;546766.0;1047703.0;50172.0
3390;544395.0;563753.0;1036641.0;45037.0
3400;553086.0;586667.0;1335308.0;48198.0
3410;575210.0;602469.0;1008592.0;46618.0
3420;578765.0;576395.0;1031901.0;46222.0
3430;577975.0;575605.0;1011357.0;47013.0
3440;748246.0;938271.0;1084049.0;46617.0
3450;460641.0;436938.0;1274469.0;47012.0
3460;410469.0;417975.0;836345.0;34765.0
3470;415210.0;419160.0;864790.0;33580.0
3480;424691.0;423901.0;821729.0;34370.0
3490;431407.0;425876.0;849382.0;49778.0
3500;421136.0;423111.0;820148.0;33975.0
3510;423901.0;424692.0;845432.0;39111.0
3520;423111.0;449581.0;933531.0;43456.0
3530;430617.0;436938.0;841876.0;35161.0
3540;433382.0;432198.0;842272.0;33976.0
3550;442074.0;526222.0;984493.0;37926.0
3560;436543.0;442074.0;857284.0;49778.0
3570;439703.0;461432.0;846222.0;35556.0
3580;445234.0;445629.0;858864.0;35950.0
3590;443259.0;446025.0;854518.0;35951.0
3600;449975.0;442864.0;856493.0;35555.0
3610;441284.0;446815.0;859654.0;36346.0
3620;529382.0;444049.0;879407.0;36346.0
3630;450370.0;482765.0;978962.0;35556.0
3640;451950.0;444444.0;882963.0;36346.0
3650;448000.0;451950.0;886518.0;35951.0
3660;447210.0;452740.0;912988.0;53334.0
3670;446420.0;456296.0;870716.0;37135.0
3680;450765.0;462222.0;914963.0;36741.0
3690;454321.0;468148.0;890469.0;35950.0
3700;449975.0;451951.0;890469.0;37925.0
3710;446025.0;456691.0;898765.0;36741.0
3720;452346.0;459457.0;991999.0;37926.0
3730;466568.0;462617.0;945382.0;36346.0
3740;463407.0;465382.0;921678.0;38321.0
3750;561382.0;464988.0;923259.0;37136.0
3760;455901.0;463407.0;923259.0;39111.0
3770;473284.0;456691.0;932345.0;38321.0
3780;456296.0;456296.0;888889.0;37531.0
3790;453136.0;459061.0;908642.0;39901.0
3800;466568.0;464198.0;916543.0;39506.0
3810;463407.0;468543.0;1025580.0;43062.0
3820;459457.0;463012.0;939851.0;37926.0
3830;461037.0;459851.0;954073.0;40296.0
3840;810271.0;776296.0;1369679.0;39112.0
3850;777877.0;856099.0;1067852.0;65580.0
3860;468148.0;464197.0;1196246.0;62420.0
3870;468543.0;474074.0;1141728.0;49777.0
3880;472098.0;472889.0;956839.0;40296.0
3890;461037.0;472099.0;935111.0;39111.0
3900;463012.0;469728.0;986863.0;39111.0
3910;468543.0;466963.0;965925.0;38321.0
3920;467753.0;471704.0;953678.0;41481.0
3930;475654.0;481975.0;954864.0;44247.0
3940;470123.0;472494.0;948542.0;38716.0
3950;468938.0;477234.0;954074.0;38321.0
3960;480000.0;476050.0;1094715.0;38321.0
3970;473284.0;471704.0;955654.0;38716.0
3980;473678.0;476049.0;958814.0;39111.0
3990;480790.0;485136.0;1039012.0;38321.0
4000;474469.0;478420.0;974617.0;38321.0
4010;499357.0;634074.0;1006617.0;39901.0
4020;530963.0;494222.0;1135407.0;54914.0
4030;492247.0;560988.0;1178864.0;53333.0
4040;508839.0;610765.0;1037036.0;38716.0
4050;485926.0;487901.0;1329382.0;61630.0
4060;478024.0;638814.0;1030715.0;41482.0
4070;802765.0;504493.0;1136197.0;40296.0
4080;489876.0;501333.0;1060346.0;41877.0
4090;487111.0;481185.0;1027556.0;41086.0
4100;507259.0;491852.0;1245234.0;41086.0
4110;482371.0;485136.0;999901.0;40691.0
4120;488296.0;496197.0;999111.0;41481.0
4130;491852.0;504889.0;1074568.0;41087.0
4140;485136.0;488296.0;1039407.0;39902.0
4150;487901.0;489876.0;1042568.0;39111.0
4160;491851.0;493037.0;1074567.0;39111.0
4170;488296.0;492642.0;992790.0;42667.0
4180;496988.0;500148.0;1018074.0;41482.0
4190;496987.0;813827.0;1001876.0;42667.0
4200;796444.0;513185.0;2144394.0;68346.0
4210;494617.0;500148.0;1045333.0;45827.0
4220;492246.0;497383.0;1017678.0;45828.0
4230;497778.0;508049.0;1051258.0;41877.0
4240;500148.0;509234.0;1036641.0;42666.0
4250;502518.0;504494.0;1046914.0;42667.0
4260;496592.0;504493.0;1030320.0;42272.0
4270;495407.0;501728.0;1044938.0;42667.0
4280;496593.0;509629.0;1039802.0;41877.0
4290;506864.0;594173.0;1072197.0;45037.0
4300;508839.0;511210.0;1052444.0;42667.0
4310;503309.0;511209.0;1081679.0;45827.0
4320;498568.0;512790.0;1028741.0;43062.0
4330;505284.0;509234.0;1054024.0;43062.0
4340;506074.0;513580.0;1065086.0;42272.0
4350;576789.0;587061.0;1152395.0;877432.0
4360;506864.0;510419.0;1069826.0;42667.0
4370;508049.0;511604.0;1084049.0;43061.0
4380;513185.0;522272.0;1094320.0;126025.0
4390;514370.0;528987.0;1078913.0;42271.0
4400;517925.0;526222.0;1076148.0;43852.0
4410;516346.0;524641.0;1059556.0;44247.0
4420;519111.0;531357.0;1066272.0;43061.0
4430;538864.0;615901.0;1194271.0;46222.0
4440;521086.0;528592.0;1091556.0;43456.0
4450;522272.0;532938.0;1071012.0;44642.0
4460;609975.0;531753.0;1087605.0;43456.0
4470;527407.0;534123.0;1104197.0;45432.0
4480;525432.0;529777.0;1090370.0;45432.0
4490;532938.0;531753.0;1175308.0;44247.0
4500;528592.0;540840.0;1123950.0;44247.0
4510;527802.0;533333.0;1112098.0;45037.0
4520;528593.0;530172.0;1100246.0;44247.0
4530;974617.0;1109333.0;1105382.0;45037.0
4540;561778.0;555851.0;1616197.0;69531.0
4550;536888.0;536099.0;1095111.0;44642.0
4560;530568.0;621036.0;1131061.0;44642.0
4570;527408.0;535703.0;1095110.0;45037.0
4580;527803.0;532543.0;1129481.0;45037.0
4590;525432.0;535308.0;1236148.0;48593.0
4600;534123.0;538468.0;1131456.0;46618.0
4610;534123.0;539259.0;1145679.0;45432.0
4620;535703.0;540444.0;1128691.0;45037.0
4630;532938.0;538074.0;1143703.0;48987.0
4640;532148.0;539259.0;1149234.0;50173.0
4650;901135.0;867160.0;1133827.0;45827.0
4660;533728.0;543605.0;1240098.0;46223.0
4670;533334.0;538074.0;1162666.0;46617.0
4680;540049.0;549925.0;1136988.0;45432.0
4690;542024.0;629728.0;1168592.0;45037.0
4700;537283.0;544395.0;1133432.0;47012.0
4710;563753.0;546370.0;1144889.0;46222.0
4720;538864.0;544000.0;2165333.0;46223.0
4730;543604.0;545975.0;1171753.0;49383.0
4740;542419.0;549926.0;1174518.0;46222.0
4750;546765.0;557037.0;1154765.0;45827.0
4760;542420.0;553086.0;1149234.0;45827.0
4770;631703.0;558617.0;1155950.0;48592.0
4780;554272.0;557432.0;1172938.0;46222.0
4790;565728.0;555061.0;1230617.0;47013.0
4800;550320.0;557827.0;1168197.0;47012.0
4810;545975.0;558222.0;1207308.0;47803.0
4820;560197.0;654222.0;1245630.0;49383.0
4830;546766.0;556247.0;1180444.0;56098.0
4840;553086.0;563753.0;1173728.0;47013.0
4850;1004246.0;1042173.0;1502024.0;48198.0
4860;655803.0;562173.0;1820444.0;75852.0
4870;549530.0;560593.0;1203753.0;47012.0
4880;556247.0;566519.0;1211654.0;48592.0
4890;552296.0;564543.0;1183605.0;47408.0
4900;557827.0;569283.0;1203358.0;48198.0
4910;553481.0;560592.0;1229827.0;47803.0
4920;557431.0;570864.0;1259851.0;48987.0
4930;551506.0;566123.0;1193481.0;50962.0
4940;559407.0;663309.0;1234567.0;50173.0
4950;560988.0;572445.0;1213629.0;48198.0
4960;566123.0;571259.0;1214814.0;48197.0
4970;567703.0;574814.0;1296197.0;48198.0
4980;562172.0;570468.0;1245234.0;47803.0
4990;563752.0;658568.0;1254321.0;48197.0
5000;562568.0;577975.0;1213234.0;47407.0
5010;562963.0;600098.0;1208493.0;48593.0
5020;572839.0;577580.0;1321086.0;49383.0
5030;571259.0;579950.0;1268543.0;48988.0
5040;567308.0;658172.0;1252345.0;47803.0
5050;568494.0;577185.0;1215605.0;48988.0
5060;565333.0;576790.0;1243654.0;48987.0
5070;566518.0;580741.0;1265383.0;49778.0
5080;570864.0;580346.0;1254715.0;50173.0
5090;658173.0;585482.0;1324641.0;56494.0
5100;566914.0;582716.0;1263011.0;49778.0
5110;570864.0;578370.0;1344790.0;49778.0
5120;568889.0;588247.0;1287901.0;51753.0
5130;578765.0;585086.0;1284345.0;51358.0
5140;581531.0;584691.0;1249580.0;51358.0
5150;750222.0;1061530.0;2134912.0;50173.0
5160;583901.0;589432.0;1738666.0;80988.0
5170;575604.0;589037.0;1319111.0;50963.0
5180;583901.0;593382.0;1339259.0;56099.0
5190;579555.0;590222.0;1341234.0;51358.0
5200;577185.0;589037.0;1267358.0;50568.0
5210;576395.0;592197.0;1366123.0;50963.0
5220;588246.0;611160.0;1264592.0;52148.0
5230;588641.0;591408.0;1391012.0;50173.0
5240;583506.0;596543.0;1280394.0;51753.0
5250;584692.0;592198.0;1345184.0;50173.0
5260;587852.0;597728.0;1324642.0;54914.0
5270;594173.0;600494.0;1315950.0;50962.0
5280;591407.0;599703.0;1334123.0;51358.0
5290;590617.0;599703.0;1355061.0;52543.0
5300;596148.0;604049.0;1311604.0;51753.0
5310;587456.0;600099.0;1339259.0;54518.0
5320;593382.0;596543.0;1341629.0;50963.0
5330;604444.0;601284.0;1332938.0;51358.0
5340;593383.0;604839.0;1300543.0;52543.0
5350;595357.0;605630.0;1320690.0;51753.0
5360;607605.0;649086.0;1344789.0;52148.0
5370;619061.0;605234.0;1542320.0;52938.0
5380;645135.0;630123.0;1463703.0;53333.0
5390;600493.0;709925.0;1394962.0;53333.0
5400;669629.0;657777.0;1329777.0;52938.0
5410;641975.0;707555.0;1463308.0;55309.0
5420;672000.0;649482.0;1529283.0;54913.0
5430;619061.0;816592.0;1408394.0;90469.0
5440;1186765.0;999505.0;2454123.0;82963.0
5450;603259.0;670025.0;1433283.0;56099.0
5460;633679.0;626963.0;1349530.0;54518.0
5470;696098.0;621037.0;1383505.0;52938.0
5480;602469.0;624593.0;1420246.0;52939.0
5490;607605.0;621037.0;1367703.0;53729.0
5500;613531.0;624987.0;1368098.0;54913.0
5510;967901.0;1019654.0;1424592.0;56098.0
5520;606024.0;620642.0;1391407.0;54518.0
5530;613531.0;628543.0;1373234.0;54914.0
5540;611556.0;617877.0;1407209.0;55308.0
5550;606420.0;619456.0;1385086.0;53728.0
5560;614716.0;629728.0;1370864.0;53728.0
5570;619852.0;621826.0;1402469.0;56099.0
5580;622222.0;628148.0;1385481.0;53729.0
5590;611160.0;626962.0;1400099.0;56099.0
5600;613925.0;638815.0;1425777.0;56099.0
5610;628148.0;636444.0;1386666.0;56494.0
5620;617876.0;629334.0;1395752.0;53728.0
5630;619852.0;622222.0;1385876.0;55308.0
5640;619852.0;631308.0;1451061.0;54518.0
5650;711506.0;626567.0;1383901.0;62420.0
5660;617876.0;634864.0;1469234.0;54913.0
5670;638025.0;633679.0;1423406.0;54124.0
5680;622222.0;640790.0;1420246.0;54123.0
5690;1016888.0;1114864.0;1523358.0;67951.0
5700;636839.0;651457.0;2701431.0;84148.0
5710;623408.0;643555.0;1415900.0;56494.0
5720;624197.0;640790.0;1483457.0;54519.0
5730;638025.0;650666.0;1454617.0;56099.0
5740;623012.0;644740.0;1438419.0;54914.0
5750;629729.0;640395.0;1427358.0;54123.0
5760;645135.0;640395.0;1446716.0;55308.0
5770;635259.0;649086.0;1553382.0;55309.0
5780;635259.0;642765.0;1453826.0;54914.0
5790;718617.0;659753.0;1455012.0;62419.0
5800;640000.0;641975.0;1432493.0;54519.0
5810;635654.0;663703.0;1453432.0;55309.0
5820;634074.0;651061.0;1464098.0;58074.0
5830;645926.0;720593.0;1489777.0;55308.0
5840;631308.0;654222.0;1451851.0;56889.0
5850;640395.0;649877.0;1557728.0;60444.0
5860;639604.0;653037.0;1502419.0;55704.0
5870;638420.0;658568.0;1436443.0;56098.0
5880;637234.0;658172.0;1479111.0;56494.0
5890;648296.0;662123.0;1517432.0;55704.0
5900;650667.0;658963.0;1480295.0;57679.0
5910;641975.0;665284.0;1517036.0;55308.0
5920;647111.0;680691.0;1564838.0;56099.0
5930;651061.0;662913.0;1494123.0;59259.0
5940;1136987.0;1085629.0;1481086.0;57284.0
5950;645531.0;672790.0;1547851.0;96395.0
5960;650666.0;670815.0;1492148.0;56889.0
5970;659358.0;668444.0;1543506.0;56888.0
5980;662518.0;683851.0;1469629.0;61630.0
5990;688197.0;689777.0;1560098.0;59259.0
6000;655407.0;687012.0;1511506.0;59259.0
6010;658963.0;682272.0;1504394.0;57679.0
6020;1014913.0;685432.0;1605925.0;61630.0
6030;679111.0;687012.0;1539950.0;58469.0
6040;692543.0;683852.0;1496888.0;58864.0
6050;675160.0;683851.0;1535604.0;58469.0
6060;670815.0;683457.0;1490172.0;57679.0
6070;670815.0;687012.0;1513481.0;62420.0
6080;682667.0;688988.0;1573135.0;60444.0
6090;667654.0;690963.0;1547061.0;58864.0
6100;685037.0;696889.0;1552987.0;57679.0
6110;676740.0;690567.0;1560493.0;58864.0
6120;670815.0;707951.0;1552592.0;58074.0
6130;680691.0;727309.0;1611851.0;58470.0
6140;674765.0;700839.0;1665975.0;59654.0
6150;678716.0;701234.0;1535999.0;58074.0
6160;681086.0;695704.0;1593679.0;59259.0
6170;684641.0;725728.0;1583406.0;61629.0
6180;693728.0;707950.0;1593283.0;141037.0
6190;1160691.0;1206123.0;2108839.0;60839.0
6200;715061.0;707950.0;1587357.0;105086.0
6210;692938.0;721383.0;1593283.0;59654.0
6220;695703.0;713482.0;1603160.0;59259.0
6230;704394.0;723753.0;1553777.0;61235.0
6240;700840.0;725728.0;1577086.0;59654.0
6250;712691.0;725333.0;1574320.0;62420.0
6260;708346.0;728099.0;1679012.0;62420.0
6270;709926.0;735605.0;1581432.0;62419.0
6280;710716.0;728888.0;1622518.0;64790.0
6290;818568.0;742321.0;1628049.0;61630.0
6300;719407.0;736000.0;1620543.0;62419.0
6310;799210.0;759309.0;1556543.0;61234.0
6320;721777.0;736394.0;1584987.0;62024.0
6330;724543.0;741531.0;1739456.0;62024.0
6340;726519.0;746667.0;1583802.0;63210.0
6350;733234.0;744691.0;1727209.0;62419.0
6360;747457.0;751012.0;1682962.0;62024.0
6370;737580.0;757728.0;1677037.0;62420.0
6380;741135.0;788938.0;1658468.0;64000.0
6390;747061.0;766025.0;1617382.0;63210.0
6400;741926.0;750617.0;1619752.0;62815.0
6410;747061.0;755358.0;1710617.0;67161.0
6420;897580.0;847012.0;1673481.0;64000.0
6430;1274469.0;1125926.0;2371555.0;101926.0
6440;766025.0;769580.0;1652938.0;64791.0
6450;754173.0;771160.0;1621333.0;63605.0
6460;766419.0;770765.0;1607505.0;63605.0
6470;760889.0;775901.0;1640690.0;63605.0
6480;759308.0;784987.0;1661234.0;64000.0
6490;767605.0;903506.0;1644641.0;63604.0
6500;768000.0;1735505.0;1635160.0;63210.0
6510;775901.0;814221.0;1660049.0;64395.0
6520;776691.0;793283.0;1685728.0;64395.0
6530;796839.0;842666.0;1647406.0;64790.0
6540;784197.0;801185.0;1678617.0;67160.0
6550;826863.0;804741.0;1808592.0;69135.0
6560;788543.0;797629.0;1694419.0;65186.0
6570;791309.0;799209.0;1653728.0;64395.0
6580;789333.0;822518.0;1705481.0;65581.0
6590;799210.0;810666.0;1791209.0;65185.0
6600;795654.0;890864.0;1683357.0;65580.0
6610;797629.0;816197.0;1808197.0;64000.0
6620;898370.0;828840.0;1710222.0;68741.0
6630;804740.0;817778.0;1668740.0;64791.0
6640;807506.0;854914.0;1825974.0;64395.0
6650;1230616.0;1455802.0;1751703.0;65185.0
6660;809086.0;824889.0;1776591.0;65580.0
6670;1950419.0;819358.0;1659653.0;65975.0
6680;815802.0;835160.0;1733925.0;66370.0
6690;816593.0;834370.0;2192197.0;107457.0
6700;821728.0;922469.0;1712987.0;67555.0
6710;822913.0;831209.0;1710221.0;66765.0
6720;912197.0;837135.0;1711802.0;65185.0
6730;825679.0;832395.0;1699555.0;69531.0
6740;831605.0;849383.0;1819258.0;65580.0
6750;830025.0;844246.0;1750912.0;65975.0
6760;840296.0;849383.0;1683358.0;71111.0
6770;837135.0;851358.0;1762369.0;69136.0
6780;839111.0;850962.0;1781728.0;67950.0
6790;841481.0;935111.0;1741431.0;66371.0
6800;847012.0;856099.0;1731160.0;67556.0
6810;851358.0;857678.0;1714568.0;66765.0
6820;844641.0;860049.0;1774222.0;66371.0
6830;845827.0;856099.0;1729185.0;67160.0
6840;958814.0;860839.0;1863901.0;68345.0
6850;852148.0;877827.0;1718123.0;65975.0
6860;855703.0;1401678.0;1758024.0;69926.0
6870;901136.0;875061.0;2742913.0;107457.0
6880;871901.0;869135.0;1743802.0;67950.0
6890;860444.0;880592.0;1801876.0;70321.0
6900;917333.0;872691.0;1751703.0;68741.0
6910;856493.0;871111.0;1838616.0;67951.0
6920;870320.0;877037.0;1845332.0;67555.0
6930;869925.0;878222.0;1788839.0;68346.0
6940;912988.0;924049.0;1716543.0;77037.0
6950;874271.0;880197.0;1785283.0;69530.0
6960;959210.0;888888.0;1752888.0;70321.0
6970;871111.0;884148.0;1833086.0;69926.0
6980;875852.0;890074.0;1894320.0;69530.0
6990;885333.0;897184.0;1788839.0;71901.0
7000;882568.0;893629.0;1811357.0;69925.0
7010;884938.0;986468.0;1790419.0;69136.0
7020;890469.0;902321.0;1789234.0;68345.0
7030;905876.0;908247.0;1892740.0;68741.0
7040;892049.0;900740.0;1782913.0;69531.0
7050;910222.0;905087.0;1842172.0;68741.0
7060;900740.0;901531.0;1770271.0;68346.0
7070;900740.0;1498073.0;1852838.0;70321.0
7080;927210.0;922074.0;2631505.0;225185.0
7090;997531.0;918913.0;1852049.0;69136.0
7100;909432.0;917333.0;1797135.0;67556.0
7110;907456.0;924049.0;1911308.0;70321.0
7120;915358.0;934715.0;1820049.0;71111.0
7130;920099.0;927209.0;1817679.0;69135.0
7140;1005827.0;924839.0;1823605.0;69926.0
7150;918518.0;929184.0;1794765.0;74272.0
7160;920888.0;927209.0;1877333.0;69925.0
7170;917728.0;931555.0;1816888.0;70321.0
7180;925234.0;929185.0;1909727.0;72296.0
7190;1057580.0;948543.0;2114369.0;70716.0
7200;924049.0;937086.0;1857185.0;69530.0
7210;922074.0;939456.0;1896295.0;69531.0
7220;922864.0;933925.0;1892740.0;70716.0
7230;926815.0;948937.0;1892740.0;77827.0
7240;947752.0;1045728.0;1908148.0;77432.0
7250;996345.0;969481.0;1938963.0;73481.0
7260;984888.0;962765.0;1921184.0;79012.0
7270;1048098.0;1548247.0;1930666.0;71111.0
7280;1300938.0;1001481.0;3790616.0;168691.0
7290;942222.0;961975.0;1980048.0;84938.0
7300;948147.0;952098.0;1927110.0;73087.0
7310;944987.0;978172.0;1929876.0;73086.0
7320;1011752.0;1017679.0;1921974.0;79407.0
7330;955654.0;973827.0;1886419.0;78617.0
7340;940642.0;955654.0;1879703.0;71901.0
7350;948938.0;961975.0;1906963.0;71506.0
7360;948543.0;966320.0;1958321.0;70716.0
7370;942617.0;1224691.0;1908147.0;73481.0
7380;943012.0;952098.0;1936987.0;73482.0
7390;943012.0;957629.0;1951999.0;76247.0
7400;944592.0;972247.0;1933036.0;77432.0
7410;939457.0;949333.0;1911307.0;80592.0
7420;1063506.0;1125530.0;1918814.0;71901.0
7430;985283.0;971456.0;1938963.0;71902.0
7440;959999.0;969876.0;1999407.0;73086.0
7450;950518.0;963160.0;1938567.0;72296.0
7460;1786073.0;970271.0;2774913.0;120099.0
7470;951308.0;955654.0;1934221.0;77827.0
7480;950518.0;971061.0;1969777.0;71507.0
7490;955654.0;957630.0;1945284.0;72691.0
7500;951308.0;958024.0;1921580.0;73876.0
7510;954864.0;970666.0;2002962.0;74666.0
7520;953283.0;965925.0;1893530.0;72296.0
7530;955654.0;1104592.0;1977679.0;72296.0
7540;977777.0;965926.0;1917629.0;75062.0
7550;951308.0;957234.0;1886024.0;77827.0
7560;963160.0;969086.0;1949629.0;73086.0
7570;956049.0;970271.0;1934616.0;74272.0
7580;956444.0;972246.0;1913678.0;73482.0
7590;956839.0;980148.0;1922765.0;72691.0
7600;960395.0;1835061.0;2073283.0;73876.0
7610;955259.0;996345.0;1991505.0;73876.0
7620;957234.0;1052839.0;1961085.0;73481.0
7630;956049.0;968296.0;1989135.0;72691.0
7640;962370.0;972246.0;2049580.0;74271.0
7650;2113185.0;1016493.0;7034466.0;232296.0
7660;963160.0;975802.0;2004542.0;76247.0
7670;964741.0;971456.0;1988740.0;74272.0
7680;958814.0;971456.0;1963851.0;80198.0
7690;963160.0;1065876.0;2078024.0;73481.0
7700;975012.0;978172.0;2017975.0;80987.0
7710;981728.0;984493.0;2132148.0;73877.0
7720;980937.0;1068641.0;1955555.0;76247.0
7730;1036642.0;994370.0;2241579.0;90864.0
7740;968691.0;981728.0;2110418.0;75852.0
7750;968295.0;1105778.0;1985185.0;73877.0
7760;973037.0;986864.0;2062222.0;75457.0
7770;978173.0;985283.0;2250666.0;75456.0
7780;980543.0;1011357.0;2040493.0;74666.0
7790;981333.0;988839.0;2006122.0;74271.0
7800;991605.0;985284.0;2108049.0;74666.0
7810;995555.0;1004247.0;1970567.0;73876.0
7820;980543.0;1008987.0;2098567.0;75457.0
7830;1674271.0;999506.0;3327999.0;127210.0
7840;984889.0;988839.0;2078024.0;76642.0
7850;986468.0;992000.0;2057086.0;77827.0
7860;997531.0;988840.0;2026271.0;75456.0
7870;1095901.0;1025185.0;2079999.0;77827.0
7880;981728.0;989630.0;2115160.0;83358.0
7890;986073.0;993580.0;2023110.0;80197.0
7900;1094715.0;996345.0;2055506.0;76247.0
7910;993975.0;1015308.0;2045234.0;79803.0
7920;995160.0;1012543.0;2095802.0;78617.0
7930;990025.0;999506.0;2111999.0;78222.0
7940;1007407.0;993580.0;2029036.0;75852.0
7950;986469.0;997531.0;2043259.0;76247.0
7960;990814.0;1008197.0;2029036.0;76246.0
7970;992789.0;1031900.0;2119110.0;78222.0
7980;993185.0;1002667.0;2061432.0;82173.0
7990;1300543.0;1242468.0;2196542.0;98765.0
8000;1004246.0;1120790.0;2047604.0;97580.0
8010;1639110.0;1484247.0;3143900.0;122864.0
8020;997531.0;1044148.0;2115555.0;83358.0
8030;1000691.0;1011753.0;2310715.0;76642.0
8040;997926.0;1027950.0;2072098.0;82173.0
8050;1018468.0;1093135.0;2055110.0;79407.0
8060;1243259.0;1283555.0;2889480.0;125630.0
8070;1052839.0;1043358.0;2299259.0;82568.0
8080;1001481.0;1209679.0;2098172.0;80592.0
8090;1861925.0;1044938.0;2221826.0;79407.0
8100;1099061.0;1017284.0;2216295.0;77827.0
8110;1099851.0;1090370.0;2216295.0;84148.0
8120;1048099.0;1050864.0;2174419.0;78222.0
8130;1052049.0;1063506.0;2162172.0;77432.0
8140;1224691.0;1203358.0;2439505.0;79407.0
8150;1247604.0;1327407.0;2239604.0;81778.0
8160;1031506.0;1037827.0;2200098.0;79012.0
8170;1733135.0;2567901.0;4223208.0;93629.0
8180;1176493.0;1651752.0;3017875.0;114567.0
8190;1236937.0;1590123.0;2827061.0;112593.0
8200;1043358.0;1029926.0;2667456.0;77827.0
8210;1013333.0;1029135.0;2554864.0;169481.0
8220;1015703.0;1035456.0;2448592.0;79012.0
8230;1042963.0;1281975.0;2179950.0;81778.0
8240;1091160.0;1188740.0;2248296.0;78222.0
8250;1018073.0;1036247.0;2201678.0;80197.0
8260;1018864.0;1030716.0;2260148.0;85334.0
8270;1023605.0;1039407.0;2191406.0;78222.0
8280;1147654.0;1125135.0;2192592.0;86518.0
8290;1041778.0;1149234.0;2254617.0;139457.0
8300;1220345.0;1116839.0;2505875.0;83753.0
8310;1089185.0;1115654.0;2616887.0;87309.0
8320;1120395.0;1071802.0;2300838.0;84938.0
8330;1382321.0;1094321.0;3764936.0;126025.0
8340;1039407.0;1114864.0;2234073.0;80988.0
8350;1062321.0;1052444.0;2264888.0;84938.0
8360;1065876.0;1174913.0;2332048.0;82172.0
8370;1038617.0;1076543.0;2246715.0;90074.0
8380;1044938.0;1048098.0;2268444.0;82568.0
8390;1121185.0;1046518.0;2172839.0;82172.0
8400;1033876.0;1067851.0;2229332.0;86518.0
8410;1035852.0;1046123.0;2981529.0;78222.0
8420;1040197.0;1045728.0;2279900.0;79802.0
8430;1031901.0;1044542.0;2183506.0;79408.0
8440;1033086.0;1050863.0;2179555.0;92444.0
8450;1033876.0;1045727.0;2289382.0;82173.0
8460;1045333.0;1141728.0;2226567.0;82568.0
8470;1065481.0;1073382.0;2192197.0;82173.0
8480;1054420.0;1056394.0;2321777.0;93629.0
8490;1695999.0;1693629.0;3302319.0;90865.0
8500;1314765.0;1160296.0;2402764.0;80198.0
8510;1039012.0;1065086.0;2255801.0;81778.0
8520;1045333.0;1156740.0;2170469.0;81777.0
8530;1050073.0;1071407.0;2446616.0;83358.0
8540;1047308.0;1223901.0;2242764.0;80198.0
8550;1174518.0;1255111.0;3420443.0;83358.0
8560;1183604.0;1168987.0;2418567.0;82963.0
8570;1164247.0;1072592.0;2471900.0;88494.0
8580;1242074.0;1097086.0;2359703.0;85728.0
8590;1067061.0;1077728.0;2320591.0;84938.0
8600;1063506.0;1079308.0;2269233.0;86519.0
8610;1104592.0;1089185.0;2510616.0;84938.0
8620;1056394.0;1176888.0;2209580.0;87309.0
8630;1058765.0;1076938.0;2222221.0;82173.0
8640;1059160.0;1085629.0;2280690.0;82568.0
8650;1064296.0;1076938.0;2208790.0;84938.0
8660;1079309.0;1141333.0;2824295.0;238222.0
8670;1063901.0;1119605.0;2234468.0;82173.0
8680;1082074.0;1106962.0;2223011.0;84543.0
8690;1065481.0;1080493.0;2333629.0;84148.0
8700;1070222.0;1085234.0;2249876.0;85334.0
8710;1069037.0;1090370.0;2311506.0;82173.0
8720;1077728.0;1088789.0;2333629.0;86124.0
8730;1079308.0;1093925.0;2390122.0;84543.0
8740;1174123.0;1091160.0;2324938.0;86518.0
8750;1087210.0;1102222.0;2326517.0;87703.0
8760;1078913.0;1101432.0;2347061.0;108247.0
8770;1073382.0;1112493.0;2388542.0;89284.0
8780;1082468.0;1103407.0;2306765.0;86914.0
8790;1086419.0;1100247.0;2444641.0;94420.0
8800;1096296.0;1128691.0;2333629.0;85728.0
8810;1087209.0;1105777.0;2364048.0;90864.0
8820;2080000.0;2157826.0;3638912.0;85334.0
8830;1199407.0;1104197.0;2286222.0;82963.0
8840;1087999.0;1104592.0;2334814.0;89284.0
8850;1094716.0;1172938.0;2415012.0;86518.0
8860;1108938.0;1113283.0;2421332.0;91654.0
8870;1210074.0;1284740.0;2385776.0;85334.0
8880;1100641.0;1156345.0;2428048.0;86914.0
8890;1101431.0;1107358.0;2450567.0;86124.0
8900;1094715.0;1146863.0;2322172.0;86914.0
8910;1091950.0;1103407.0;2447801.0;85333.0
8920;1091556.0;1202963.0;2372345.0;86519.0
8930;1088790.0;1111704.0;2324147.0;89679.0
8940;1089975.0;1119999.0;2309925.0;84148.0
8950;1092345.0;1109728.0;2329283.0;84939.0
8960;1093135.0;1191110.0;2327703.0;85728.0
8970;1097482.0;1119209.0;2460839.0;86518.0
8980;1104987.0;1119210.0;3158517.0;135111.0
8990;1095506.0;1113678.0;2392888.0;84148.0
9000;1103407.0;1118419.0;2506666.0;85333.0
9010;1098667.0;1215210.0;2398814.0;86519.0
9020;1106567.0;1126320.0;2447011.0;86913.0
9030;1105777.0;1136197.0;2360888.0;88098.0
9040;1099457.0;1123556.0;2460838.0;84543.0
9050;1106568.0;1230222.0;2319011.0;84148.0
9060;1116839.0;1121975.0;2410666.0;96395.0
9070;1116444.0;1121975.0;2438320.0;97186.0
9080;1109333.0;1123950.0;2492838.0;86914.0
9090;1106173.0;1213234.0;2390123.0;84938.0
9100;1111308.0;1124740.0;2334024.0;89284.0
9110;1115653.0;1124740.0;2375111.0;84938.0
9120;1109333.0;1124346.0;2479801.0;90074.0
9130;1111308.0;1127111.0;2433579.0;88494.0
9140;1201778.0;1129086.0;4272196.0;135111.0
9150;1111308.0;1121974.0;2403555.0;89679.0
9160;1147654.0;1133827.0;2468345.0;84939.0
9170;1120000.0;1157136.0;2465974.0;85333.0
9180;1117234.0;1129481.0;2441086.0;87703.0
9190;1108937.0;1244049.0;2493233.0;95210.0
9200;1130271.0;1136197.0;2447406.0;89679.0
9210;1117234.0;1159901.0;2416987.0;85728.0
9220;1118419.0;1147654.0;2645727.0;85333.0
9230;1113678.0;1216395.0;2389728.0;89679.0
9240;2286616.0;1144494.0;2395654.0;89679.0
9250;1149234.0;1209678.0;2475850.0;92840.0
9260;1183209.0;1409185.0;2627160.0;178963.0
9270;1181234.0;1143308.0;2666270.0;100741.0
9280;1162667.0;1144889.0;2576592.0;93235.0
9290;1245234.0;1174913.0;6644146.0;134321.0
9300;1123160.0;1189925.0;2449381.0;88099.0
9310;1138963.0;1147654.0;3411357.0;93234.0
9320;1132247.0;1152790.0;2451357.0;102716.0
9330;1127111.0;1162666.0;2426073.0;183704.0
9340;1136987.0;1184790.0;2502715.0;95210.0
9350;1191506.0;1300148.0;2503110.0;89284.0
9360;1146469.0;1152789.0;2590024.0;92049.0
9370;1149629.0;2217085.0;2514962.0;90074.0
9380;1136197.0;1164246.0;2511012.0;103111.0
9390;1132246.0;1145679.0;2543012.0;97976.0
9400;1151604.0;1349530.0;2442665.0;90864.0
9410;1135802.0;1147654.0;2497580.0;92840.0
9420;1148049.0;1159506.0;2544196.0;97185.0
9430;1155160.0;1190715.0;3198418.0;95605.0
9440;1946073.0;1899456.0;4072295.0;94420.0
9450;1146864.0;1176889.0;2640196.0;106666.0
9460;1133036.0;1150024.0;2670616.0;92445.0
9470;1135407.0;1283160.0;2524838.0;101136.0
9480;1146073.0;1162272.0;2510616.0;94025.0
9490;1137777.0;1163061.0;2494418.0;97975.0
9500;1138567.0;1156345.0;2467159.0;96790.0
9510;1138568.0;1170963.0;2472690.0;93630.0
9520;1138567.0;1279604.0;2518912.0;97975.0
9530;1144889.0;1161481.0;2488493.0;94420.0
9540;1138567.0;1164247.0;2539061.0;91654.0
9550;1156345.0;1178074.0;2605826.0;92049.0
9560;1204937.0;1170172.0;2618469.0;94420.0
9570;1155160.0;1351506.0;2705381.0;98371.0
9580;1159506.0;1232197.0;2544987.0;92840.0
9590;1894320.0;1245629.0;4225578.0;100741.0
9600;1153185.0;1172937.0;2574221.0;94814.0
9610;1154765.0;1176888.0;2526814.0;94815.0
9620;1257876.0;1207703.0;2625579.0;94024.0
9630;1284345.0;1195851.0;2635456.0;96000.0
9640;1756444.0;1331358.0;2514962.0;96790.0
9650;1158320.0;1183210.0;2597925.0;93629.0
9660;1151209.0;1176494.0;3515258.0;98766.0
9670;1158716.0;1184395.0;2504690.0;95209.0
9680;1163851.0;1180444.0;2644937.0;93630.0
9690;1153580.0;1176493.0;2569480.0;94420.0
9700;1152000.0;1183210.0;2595949.0;95210.0
9710;1169383.0;1194271.0;2631900.0;94420.0
9720;1170173.0;1188345.0;2621233.0;96000.0
9730;1184394.0;1188740.0;2770962.0;96395.0
9740;1967802.0;2649283.0;3759801.0;95210.0
9750;1176888.0;1490172.0;3072789.0;101136.0
9760;3090567.0;2156246.0;6022319.0;156839.0
9770;1249185.0;1257481.0;3507356.0;113383.0
9780;1173333.0;1187950.0;3081875.0;101135.0
9790;1158320.0;1192296.0;2712888.0;98370.0
9800;1175308.0;1187950.0;2676542.0;101925.0
9810;1517037.0;1251555.0;2935702.0;95605.0
9820;1402864.0;1497283.0;3129678.0;98765.0
9830;1338469.0;1364938.0;3650368.0;143407.0
9840;1348345.0;1235357.0;2707752.0;96000.0
9850;1210074.0;1240493.0;2717234.0;97580.0
9860;1207308.0;1201777.0;2599110.0;102321.0
9870;1191901.0;1257481.0;4426665.0;160395.0
9880;1179654.0;1263012.0;2746073.0;105482.0
9890;1178468.0;1240494.0;2640197.0;95210.0
9900;1183210.0;1204938.0;2633875.0;95605.0
9910;1183605.0;1204148.0;2635851.0;114173.0
9920;1181234.0;1205333.0;2825875.0;96790.0
9930;1180840.0;1213629.0;2644542.0;95210.0
9940;1178468.0;1204543.0;2675752.0;96395.0
9950;1184395.0;1199802.0;2645727.0;98370.0
9960;1211654.0;1204543.0;2936493.0;97580.0
9970;1200987.0;1205728.0;2705777.0;100345.0
9980;1175703.0;1219555.0;2784789.0;96790.0
9990;1267752.0;1198617.0;2600690.0;94815.0
10000;1208493.0;1221926.0;2645727.0;99160.0

