Shell Sort using a gap of 2.0
Count;Sorted;Reverse;Random;Same
0;0.0;0.0;395.0;7902.0
10;2766.0;4346.0;15012.0;16198.0
20;5531.0;12642.0;12247.0;5926.0
30;9482.0;18568.0;22913.0;9877.0
40;16593.0;28839.0;25679.0;18963.0
50;18567.0;43852.0;60049.0;21728.0
60;24494.0;60839.0;52543.0;25284.0
70;36740.0;73482.0;90864.0;116939.0
80;41482.0;64395.0;96000.0;44247.0
90;49777.0;73086.0;89679.0;43852.0
100;52544.0;90865.0;111012.0;50568.0
110;64000.0;103902.0;123654.0;62815.0
120;75457.0;113382.0;144987.0;71901.0
130;85334.0;171062.0;197136.0;90074.0
140;50173.0;101926.0;95210.0;51358.0
150;59654.0;122864.0;131556.0;77037.0
160;103506.0;176988.0;211753.0;101531.0
170;122074.0;163556.0;176593.0;150518.0
180;116148.0;154469.0;185284.0;119308.0
190;118519.0;122470.0;190419.0;123259.0
200;69926.0;160790.0;132346.0;70716.0
210;193185.0;256395.0;305383.0;157235.0
220;34765.0;135901.0;133135.0;127210.0
230;33185.0;82568.0;90469.0;67556.0
240;35556.0;57284.0;190814.0;59259.0
250;26865.0;54519.0;78223.0;27260.0
260;33581.0;55308.0;91259.0;32395.0
270;33580.0;58864.0;95210.0;53334.0
280;34765.0;69136.0;95605.0;34765.0
290;39902.0;68346.0;103111.0;36345.0
300;37135.0;66766.0;112593.0;38716.0
310;39901.0;78222.0;97185.0;39901.0
320;39506.0;75061.0;132346.0;39506.0
330;42271.0;77432.0;113383.0;42271.0
340;41876.0;161186.0;116148.0;41876.0
350;45037.0;81778.0;119308.0;45037.0
360;44246.0;84148.0;129975.0;44246.0
370;46223.0;107457.0;128000.0;45827.0
380;47012.0;88494.0;127210.0;49778.0
390;48198.0;143407.0;173827.0;48592.0
400;50567.0;96395.0;173037.0;50568.0
410;171456.0;101531.0;154864.0;137482.0
420;88494.0;105877.0;152493.0;81383.0
430;60049.0;176987.0;157235.0;54518.0
440;58469.0;153284.0;226766.0;55308.0
450;54914.0;186864.0;182519.0;63605.0
460;57679.0;181728.0;224000.0;56889.0
470;57679.0;175803.0;188839.0;58074.0
480;59654.0;186470.0;195160.0;59259.0
490;60444.0;182914.0;195950.0;61629.0
500;61629.0;172642.0;199506.0;61630.0
510;64790.0;172642.0;198716.0;62815.0
520;73481.0;165531.0;188444.0;72691.0
530;11457.0;18568.0;55308.0;11851.0
540;11457.0;18172.0;56889.0;11851.0
550;11852.0;18963.0;54518.0;11852.0
560;12247.0;19358.0;56494.0;11852.0
570;12247.0;20543.0;55704.0;12247.0
580;12247.0;19753.0;60839.0;12642.0
590;12642.0;20543.0;58074.0;12642.0
600;13037.0;21333.0;60444.0;13038.0
610;13037.0;19358.0;61234.0;13037.0
620;13037.0;22124.0;70321.0;13432.0
630;14222.0;82568.0;81382.0;13433.0
640;13827.0;20938.0;75061.0;27654.0
650;25679.0;22124.0;67951.0;15803.0
660;16198.0;25679.0;75062.0;14222.0
670;14617.0;22518.0;73481.0;15013.0
680;14222.0;22124.0;67556.0;14618.0
690;14617.0;23308.0;71507.0;15013.0
700;14618.0;24494.0;75062.0;15012.0
710;15012.0;23704.0;75062.0;15012.0
720;15407.0;24889.0;75456.0;15803.0
730;15407.0;24099.0;74272.0;15408.0
740;15803.0;24889.0;77827.0;17382.0
750;15803.0;26074.0;78222.0;15802.0
760;16198.0;25284.0;81383.0;16198.0
770;16593.0;24889.0;95605.0;16197.0
780;16593.0;27259.0;93630.0;16593.0
790;16592.0;26074.0;88099.0;16988.0
800;17777.0;26074.0;87703.0;17383.0
810;17382.0;26469.0;88098.0;17382.0
820;17383.0;26864.0;89679.0;17383.0
830;17383.0;29629.0;90469.0;17778.0
840;17778.0;29235.0;93630.0;17778.0
850;18172.0;28050.0;91655.0;18173.0
860;20149.0;37531.0;93630.0;18568.0
870;19358.0;31210.0;95210.0;23309.0
880;18568.0;28839.0;102321.0;20938.0
890;18963.0;30025.0;107062.0;18963.0
900;19358.0;30025.0;104296.0;19358.0
910;19358.0;36346.0;99160.0;18963.0
920;19753.0;30420.0;106667.0;19753.0
930;22123.0;30419.0;101136.0;19753.0
940;19753.0;34370.0;103507.0;20148.0
950;20148.0;32000.0;104296.0;20543.0
960;20544.0;32000.0;114963.0;20148.0
970;20543.0;33185.0;111012.0;20938.0
980;20543.0;33185.0;109037.0;20938.0
990;20938.0;34766.0;108247.0;20939.0
1000;21333.0;36346.0;113778.0;22914.0
1010;21728.0;33975.0;109432.0;21729.0
1020;22123.0;35951.0;114567.0;21729.0
1030;24494.0;39506.0;125234.0;24493.0
1040;30420.0;48593.0;128395.0;25284.0
1050;27260.0;44642.0;140247.0;26074.0
1060;25284.0;39506.0;122469.0;25679.0
1070;25679.0;41482.0;122864.0;25284.0
1080;27654.0;38717.0;126419.0;25679.0
1090;26074.0;39506.0;131950.0;26074.0
1100;26074.0;39111.0;127210.0;26469.0
1110;26469.0;41876.0;128000.0;26864.0
1120;31209.0;45432.0;137876.0;26865.0
1130;26864.0;43062.0;128000.0;27259.0
1140;27259.0;43457.0;137086.0;27259.0
1150;27259.0;43456.0;133136.0;27654.0
1160;27654.0;43061.0;135111.0;29235.0
1170;28049.0;41087.0;133531.0;28049.0
1180;28444.0;45037.0;137481.0;28445.0
1190;31605.0;45037.0;166321.0;35160.0
1200;28839.0;49778.0;144987.0;29235.0
1210;28839.0;50173.0;142618.0;30815.0
1220;30025.0;44642.0;146963.0;28840.0
1230;29630.0;44642.0;151309.0;29234.0
1240;29630.0;45827.0;144593.0;29630.0
1250;31605.0;46617.0;149333.0;30024.0
1260;30024.0;46222.0;161580.0;30419.0
1270;32000.0;48988.0;154864.0;30814.0
1280;30419.0;45827.0;184888.0;35161.0
1290;30420.0;45827.0;239012.0;31605.0
1300;31209.0;47013.0;157630.0;31210.0
1310;31605.0;47012.0;157630.0;31210.0
1320;36346.0;48593.0;192395.0;35556.0
1330;32790.0;48987.0;178963.0;37926.0
1340;32395.0;48593.0;162370.0;32000.0
1350;32395.0;48593.0;167506.0;32395.0
1360;32395.0;50568.0;165926.0;32790.0
1370;32790.0;49383.0;162766.0;33185.0
1380;34766.0;50172.0;167901.0;33580.0
1390;33580.0;50963.0;164740.0;33580.0
1400;33581.0;50962.0;169877.0;33580.0
1410;33976.0;49382.0;261531.0;33580.0
1420;33975.0;51753.0;171457.0;33975.0
1430;33976.0;51358.0;172642.0;34371.0
1440;36741.0;50172.0;187259.0;44247.0
1450;35555.0;51754.0;208197.0;39507.0
1460;41086.0;51753.0;176988.0;34765.0
1470;35161.0;52543.0;180543.0;34765.0
1480;35556.0;52939.0;180938.0;35555.0
1490;35161.0;52149.0;181728.0;35555.0
1500;35950.0;54914.0;181729.0;35950.0
1510;35950.0;54913.0;184889.0;36346.0
1520;129975.0;54519.0;191210.0;36345.0
1530;36741.0;56099.0;188444.0;36346.0
1540;38716.0;54913.0;224790.0;36741.0
1550;40691.0;227161.0;217679.0;40296.0
1560;141037.0;106667.0;259951.0;58864.0
1570;64395.0;98370.0;572049.0;64790.0
1580;57679.0;98371.0;412445.0;67556.0
1590;38716.0;67161.0;202271.0;39111.0
1600;38321.0;56099.0;212938.0;38716.0
1610;39111.0;57679.0;244543.0;39111.0
1620;71111.0;65976.0;251654.0;63605.0
1630;39111.0;58864.0;205037.0;39111.0
1640;44642.0;59654.0;207803.0;39111.0
1650;39111.0;61630.0;209383.0;39506.0
1660;39506.0;60049.0;208593.0;39506.0
1670;39901.0;58865.0;214519.0;39901.0
1680;39901.0;63605.0;218864.0;40296.0
1690;40692.0;64790.0;208988.0;126419.0
1700;40296.0;60444.0;238222.0;40692.0
1710;43061.0;61235.0;257976.0;58864.0
1720;41877.0;71111.0;271802.0;45432.0
1730;41482.0;61629.0;222024.0;41481.0
1740;41481.0;65185.0;225185.0;41877.0
1750;41876.0;62419.0;222814.0;43851.0
1760;41876.0;61234.0;232692.0;42271.0
1770;42271.0;64790.0;235062.0;41877.0
1780;42667.0;66370.0;239012.0;131950.0
1790;47407.0;67556.0;227160.0;42667.0
1800;44642.0;66371.0;279309.0;47802.0
1810;43457.0;70716.0;246124.0;54914.0
1820;43456.0;67556.0;242962.0;43062.0
1830;43457.0;67555.0;236642.0;43457.0
1840;44247.0;66766.0;234666.0;43851.0
1850;44247.0;73876.0;240988.0;45827.0
1860;44246.0;73481.0;248494.0;69531.0
1870;44247.0;73086.0;245333.0;46222.0
1880;53728.0;82173.0;250864.0;51358.0
1890;45432.0;69531.0;244938.0;60840.0
1900;45432.0;69925.0;245728.0;45828.0
1910;45827.0;69926.0;242172.0;45432.0
1920;45432.0;69530.0;270222.0;45827.0
1930;45828.0;71506.0;254420.0;46222.0
1940;47012.0;72296.0;252444.0;45827.0
1950;46222.0;74667.0;249679.0;46222.0
1960;67951.0;106272.0;316839.0;58864.0
1970;46617.0;71507.0;256000.0;50963.0
1980;47407.0;73876.0;267062.0;47012.0
1990;47407.0;72691.0;267852.0;47407.0
2000;54519.0;74272.0;272988.0;47407.0
2010;48197.0;74272.0;262321.0;48197.0
2020;47802.0;80987.0;281284.0;129975.0
2030;48592.0;73481.0;269827.0;52939.0
2040;61630.0;99161.0;267852.0;50172.0
2050;54124.0;75062.0;340148.0;55309.0
2060;54124.0;81383.0;304197.0;61235.0
2070;65976.0;77828.0;288790.0;55308.0
2080;55309.0;77827.0;288395.0;55309.0
2090;54914.0;78222.0;292741.0;56889.0
2100;55704.0;79802.0;284445.0;55308.0
2110;58074.0;79802.0;328691.0;65185.0
2120;56098.0;87309.0;290370.0;58469.0
2130;56099.0;86914.0;281284.0;56889.0
2140;61630.0;86518.0;288395.0;56494.0
2150;56889.0;89284.0;286815.0;56889.0
2160;58469.0;82963.0;310913.0;56889.0
2170;57284.0;83358.0;291556.0;60444.0
2180;89679.0;139062.0;341333.0;59654.0
2190;57679.0;86519.0;300641.0;60049.0
2200;58074.0;84938.0;301037.0;61630.0
2210;58470.0;91259.0;298272.0;58469.0
2220;60444.0;88889.0;295506.0;58469.0
2230;58864.0;85334.0;305778.0;59259.0
2240;59259.0;93235.0;311309.0;59259.0
2250;62815.0;107062.0;376493.0;60840.0
2260;65580.0;90469.0;305382.0;62815.0
2270;60049.0;92839.0;318420.0;60444.0
2280;60445.0;93234.0;308939.0;60445.0
2290;64395.0;86518.0;316049.0;60444.0
2300;142618.0;99555.0;314469.0;61235.0
2310;60839.0;87308.0;333037.0;63209.0
2320;62025.0;92839.0;331457.0;82963.0
2330;62024.0;99951.0;327507.0;69926.0
2340;61629.0;91259.0;315654.0;62024.0
2350;62025.0;88889.0;316049.0;62420.0
2360;62815.0;93234.0;317630.0;62815.0
2370;62420.0;90864.0;327901.0;63605.0
2380;70321.0;107457.0;327506.0;62420.0
2390;79802.0;90864.0;370567.0;64790.0
2400;64790.0;92049.0;333037.0;63999.0
2410;70716.0;93630.0;321975.0;64000.0
2420;64000.0;91259.0;331852.0;64791.0
2430;72691.0;96000.0;327901.0;64395.0
2440;64395.0;93234.0;346469.0;64000.0
2450;67161.0;97975.0;446024.0;72691.0
2460;64790.0;94814.0;333432.0;65185.0
2470;65185.0;98370.0;354765.0;65580.0
2480;67161.0;133531.0;351605.0;67556.0
2490;433382.0;173827.0;557432.0;173037.0
2500;103506.0;184099.0;498963.0;127210.0
2510;67950.0;107062.0;347259.0;67160.0
2520;65975.0;99950.0;349235.0;67161.0
2530;67555.0;95210.0;352394.0;66371.0
2540;68345.0;99951.0;356740.0;68740.0
2550;68741.0;99556.0;459062.0;67555.0
2560;67950.0;97975.0;426667.0;69926.0
2570;67161.0;99160.0;383605.0;68741.0
2580;67950.0;102716.0;397827.0;68346.0
2590;68345.0;100345.0;374914.0;68741.0
2600;68345.0;103506.0;368592.0;68345.0
2610;70716.0;111803.0;458272.0;75062.0
2620;70716.0;102716.0;376098.0;75062.0
2630;69136.0;100741.0;368197.0;69926.0
2640;70716.0;103901.0;374123.0;71111.0
2650;69926.0;103111.0;374518.0;70321.0
2660;70716.0;107457.0;371358.0;70321.0
2670;70716.0;122864.0;399408.0;87309.0
2680;70716.0;106272.0;376494.0;71901.0
2690;70716.0;105086.0;391111.0;71901.0
2700;71506.0;107852.0;375309.0;71506.0
2710;71901.0;108642.0;372938.0;73482.0
2720;73481.0;109827.0;393481.0;71902.0
2730;72296.0;105877.0;393876.0;97976.0
2740;73876.0;107062.0;386765.0;74272.0
2750;72296.0;112988.0;380049.0;73481.0
2760;72691.0;108246.0;392691.0;73877.0
2770;72691.0;107061.0;390716.0;73087.0
2780;86913.0;117334.0;405333.0;75852.0
2790;73877.0;113383.0;401382.0;94815.0
2800;73482.0;112988.0;400197.0;74666.0
2810;73876.0;115753.0;398222.0;74272.0
2820;74271.0;111012.0;421531.0;75062.0
2830;74272.0;112988.0;416000.0;74667.0
2840;75457.0;133926.0;430222.0;76642.0
2850;75061.0;113382.0;409284.0;85728.0
2860;75457.0;112592.0;402963.0;77037.0
2870;75456.0;114173.0;402172.0;76247.0
2880;80198.0;112988.0;423506.0;76247.0
2890;78222.0;112198.0;480395.0;80592.0
2900;77037.0;114963.0;417185.0;77037.0
2910;76642.0;118124.0;416395.0;78618.0
2920;76642.0;117728.0;429432.0;77037.0
2930;157630.0;113777.0;420741.0;77827.0
2940;79013.0;145383.0;417975.0;77432.0
2950;77827.0;114568.0;440099.0;101926.0
2960;77432.0;118124.0;438518.0;80592.0
2970;77827.0;114963.0;423111.0;78618.0
2980;79803.0;198321.0;424297.0;79012.0
2990;79408.0;116148.0;423506.0;80592.0
3000;79802.0;118123.0;450370.0;105482.0
3010;79407.0;112987.0;445629.0;80197.0
3020;79803.0;120494.0;429432.0;79408.0
3030;79802.0;116939.0;425086.0;80198.0
3040;80197.0;128395.0;462222.0;80593.0
3050;80988.0;117728.0;531357.0;83358.0
3060;80198.0;118519.0;438913.0;82173.0
3070;80592.0;126815.0;475654.0;80592.0
3080;80987.0;117333.0;492642.0;81383.0
3090;81382.0;126419.0;478815.0;86914.0
3100;84938.0;122074.0;614321.0;84543.0
3110;82173.0;117728.0;469333.0;82963.0
3120;82173.0;127210.0;474864.0;83753.0
3130;84148.0;131951.0;462222.0;82963.0
3140;186864.0;261136.0;534123.0;83357.0
3150;142617.0;232691.0;649876.0;151703.0
3160;83358.0;120494.0;510419.0;142222.0
3170;83358.0;128000.0;477234.0;85728.0
3180;100346.0;137876.0;483555.0;124049.0
3190;88494.0;130765.0;476049.0;86914.0
3200;84148.0;122864.0;496987.0;84938.0
3210;84148.0;124050.0;470913.0;85333.0
3220;86123.0;126025.0;579555.0;86913.0
3230;86519.0;127210.0;466568.0;86519.0
3240;86124.0;125234.0;477630.0;85729.0
3250;85333.0;131555.0;471703.0;87308.0
3260;86123.0;124839.0;474864.0;86123.0
3270;96395.0;135111.0;497382.0;88889.0
3280;86914.0;128790.0;493432.0;92444.0
3290;86518.0;128000.0;477235.0;86518.0
3300;88494.0;140642.0;487506.0;87704.0
3310;103506.0;148148.0;497383.0;88493.0
3320;86913.0;129976.0;492642.0;88889.0
3330;88099.0;131951.0;529777.0;89679.0
3340;87309.0;127210.0;504494.0;92444.0
3350;93234.0;136296.0;487506.0;89284.0
3360;105086.0;136296.0;532148.0;107062.0
3370;89679.0;136691.0;486321.0;90074.0
3380;89284.0;141827.0;501728.0;89284.0
3390;89679.0;138272.0;482766.0;90469.0
3400;108642.0;135111.0;565728.0;105481.0
3410;89284.0;137482.0;499753.0;91259.0
3420;90074.0;131951.0;495802.0;90469.0
3430;92049.0;139457.0;511209.0;92445.0
3440;90469.0;137877.0;512790.0;91259.0
3450;91654.0;152098.0;561778.0;92840.0
3460;91259.0;134321.0;533334.0;91654.0
3470;97185.0;135901.0;510025.0;92444.0
3480;91654.0;140642.0;514370.0;92840.0
3490;107062.0;153284.0;526617.0;96000.0
3500;92445.0;133926.0;515556.0;92839.0
3510;92445.0;150124.0;527408.0;93629.0
3520;93235.0;140642.0;552691.0;94420.0
3530;110618.0;150123.0;633679.0;94025.0
3540;93630.0;142618.0;532543.0;99951.0
3550;94024.0;139852.0;520691.0;93630.0
3560;93234.0;139457.0;523061.0;95605.0
3570;113383.0;151704.0;543999.0;95209.0
3580;94420.0;141432.0;534914.0;96395.0
3590;94025.0;139457.0;575209.0;97185.0
3600;94420.0;140642.0;563753.0;96790.0
3610;99951.0;150518.0;551111.0;96000.0
3620;96395.0;147753.0;556642.0;120098.0
3630;95605.0;149333.0;544000.0;104691.0
3640;95604.0;150123.0;555061.0;102321.0
3650;96000.0;194370.0;561382.0;100346.0
3660;96790.0;146568.0;547161.0;118518.0
3670;96790.0;147358.0;549135.0;98370.0
3680;134321.0;146173.0;883358.0;347654.0
3690;168691.0;164741.0;740741.0;173432.0
3700;99555.0;148938.0;556641.0;101135.0
3710;103111.0;147358.0;560987.0;100346.0
3720;105481.0;193580.0;566123.0;99556.0
3730;98765.0;150123.0;566124.0;99160.0
3740;97975.0;147358.0;549530.0;99160.0
3750;99161.0;148148.0;562173.0;99951.0
3760;104296.0;165926.0;580741.0;99556.0
3770;99556.0;150914.0;560592.0;101531.0
3780;99160.0;153679.0;560987.0;100345.0
3790;99556.0;159210.0;557826.0;100741.0
3800;122469.0;155654.0;581926.0;105482.0
3810;101136.0;152099.0;571259.0;121284.0
3820;101136.0;154469.0;569284.0;101531.0
3830;100740.0;238222.0;564543.0;101136.0
3840;122074.0;157630.0;678715.0;101926.0
3850;101136.0;151309.0;589432.0;105086.0
3860;101531.0;153679.0;587456.0;101926.0
3870;101926.0;158024.0;591802.0;102321.0
3880;104296.0;172642.0;709531.0;104692.0
3890;103506.0;159210.0;594173.0;104692.0
3900;103111.0;158815.0;581531.0;107456.0
3910;107457.0;153679.0;668444.0;102716.0
3920;116938.0;155259.0;632889.0;126815.0
3930;103901.0;157235.0;595753.0;104296.0
3940;104691.0;156444.0;593778.0;105086.0
3950;103901.0;158815.0;592197.0;105087.0
3960;104691.0;161975.0;752592.0;107062.0
3970;105482.0;160790.0;635259.0;105876.0
3980;106271.0;161185.0;609580.0;105086.0
3990;105086.0;162370.0;607209.0;106272.0
4000;106667.0;159605.0;632889.0;107852.0
4010;105481.0;158815.0;615901.0;106271.0
4020;192790.0;160790.0;637630.0;107852.0
4030;121679.0;164740.0;786172.0;111802.0
4040;105876.0;160395.0;625778.0;110222.0
4050;107852.0;162765.0;629728.0;110222.0
4060;111012.0;164346.0;634074.0;107062.0
4070;112988.0;165136.0;647901.0;109037.0
4080;108247.0;161185.0;633679.0;108247.0
4090;109037.0;168297.0;642370.0;112988.0
4100;120099.0;216493.0;754962.0;118518.0
4110;118914.0;171061.0;709926.0;133531.0
4120;203456.0;321580.0;1056394.0;123259.0
4130;325531.0;212148.0;964740.0;308938.0
4140;119703.0;173037.0;660148.0;126814.0
4150;120098.0;182124.0;670814.0;123259.0
4160;126024.0;227555.0;669629.0;120889.0
4170;120889.0;172247.0;645136.0;123654.0
4180;124840.0;172642.0;648296.0;121679.0
4190;120889.0;179753.0;719012.0;170272.0
4200;128000.0;179753.0;681086.0;188839.0
4210;126024.0;185679.0;670814.0;123655.0
4220;124049.0;171852.0;649876.0;123654.0
4230;125235.0;218864.0;677135.0;123259.0
4240;122864.0;188839.0;659358.0;123654.0
4250;127210.0;182519.0;649481.0;123655.0
4260;124445.0;173432.0;745481.0;124444.0
4270;132741.0;175013.0;721777.0;175803.0
4280;124445.0;195555.0;655407.0;126420.0
4290;128395.0;176592.0;677531.0;126815.0
4300;134321.0;205432.0;660938.0;129580.0
4310;129975.0;180938.0;680692.0;125630.0
4320;126420.0;176198.0;692147.0;129976.0
4330;124839.0;197531.0;757333.0;125630.0
4340;126419.0;182913.0;688592.0;152494.0
4350;125629.0;183704.0;676346.0;127210.0
4360;126420.0;186074.0;690568.0;129186.0
4370;130765.0;234272.0;796839.0;128000.0
4380;127209.0;190815.0;666864.0;129185.0
4390;132346.0;186469.0;672790.0;127210.0
4400;128791.0;193976.0;688198.0;133531.0
4410;127999.0;180938.0;679506.0;129185.0
4420;129581.0;182123.0;696888.0;131555.0
4430;129185.0;184098.0;679901.0;130766.0
4440;131951.0;193975.0;788148.0;184098.0
4450;128395.0;195160.0;708741.0;133136.0
4460;128790.0;180938.0;696889.0;130370.0
4470;158024.0;207802.0;694123.0;129580.0
4480;134716.0;189630.0;748641.0;131555.0
4490;129975.0;195555.0;703605.0;135901.0
4500;129975.0;260741.0;699259.0;133136.0
4510;254814.0;381235.0;1028346.0;254815.0
4520;264691.0;444444.0;1008987.0;365036.0
4530;387950.0;192000.0;1022814.0;242173.0
4540;132741.0;196741.0;709926.0;132740.0
4550;140642.0;190024.0;752592.0;132345.0
4560;133136.0;193185.0;728889.0;133926.0
4570;133926.0;194370.0;719802.0;133136.0
4580;133926.0;255605.0;730469.0;133926.0
4590;132741.0;193185.0;713876.0;136692.0
4600;132741.0;203457.0;750617.0;135506.0
4610;135506.0;192790.0;901136.0;137086.0
4620;135111.0;192790.0;755753.0;144593.0
4630;135901.0;198716.0;738765.0;135111.0
4640;134716.0;203852.0;768394.0;134716.0
4650;137877.0;197135.0;812246.0;211358.0
4660;139061.0;197530.0;741530.0;138667.0
4670;140642.0;283259.0;750617.0;135111.0
4680;146567.0;196346.0;773925.0;136692.0
4690;139457.0;201086.0;723752.0;137482.0
4700;135901.0;199901.0;737580.0;137877.0
4710;139062.0;204642.0;851753.0;143408.0
4720;137877.0;203061.0;741926.0;140247.0
4730;137876.0;204247.0;732444.0;138271.0
4740;224395.0;300247.0;995555.0;138667.0
4750;156839.0;224790.0;788543.0;144988.0
4760;141432.0;295111.0;803160.0;143407.0
4770;201087.0;321185.0;903901.0;241383.0
4780;154864.0;309728.0;887704.0;170271.0
4790;164740.0;272988.0;793678.0;145383.0
4800;186074.0;234272.0;958024.0;267852.0
4810;245729.0;216099.0;843457.0;148543.0
4820;151703.0;245728.0;880198.0;148544.0
4830;155655.0;233086.0;884543.0;160790.0
4840;171457.0;228346.0;924839.0;240593.0
4850;167111.0;369383.0;858469.0;165531.0
4860;184098.0;235457.0;854518.0;165926.0
4870;255210.0;537679.0;1382320.0;293530.0
4880;264691.0;302222.0;1091555.0;251655.0
4890;143802.0;203852.0;824099.0;145778.0
4900;141827.0;212543.0;778271.0;141828.0
4910;141827.0;219654.0;773136.0;143407.0
4920;147753.0;203062.0;826469.0;145777.0
4930;142617.0;216494.0;796049.0;143408.0
4940;143013.0;206222.0;774716.0;145778.0
4950;144988.0;211358.0;823308.0;145778.0
4960;142618.0;212938.0;814222.0;145382.0
4970;144593.0;216099.0;791703.0;146963.0
4980;148543.0;217679.0;891654.0;147753.0
4990;144593.0;213728.0;788938.0;145383.0
5000;144197.0;208988.0;817778.0;148544.0
5010;153679.0;206617.0;940247.0;151308.0
5020;145778.0;216889.0;794074.0;147358.0
5030;149728.0;218864.0;798419.0;148938.0
5040;147358.0;208988.0;968691.0;178172.0
5050;147358.0;218074.0;815407.0;149334.0
5060;151309.0;212938.0;917728.0;149333.0
5070;152099.0;207803.0;819357.0;187654.0
5080;148938.0;215308.0;819753.0;150124.0
5090;152098.0;218469.0;912592.0;149728.0
5100;152889.0;209778.0;824098.0;153284.0
5110;147753.0;222419.0;825678.0;150519.0
5120;150123.0;220445.0;1049678.0;150518.0
5130;148148.0;222024.0;951703.0;150124.0
5140;148543.0;222814.0;875061.0;154469.0
5150;159210.0;235062.0;871901.0;150518.0
5160;155260.0;216889.0;854123.0;150913.0
5170;149334.0;220049.0;843457.0;152889.0
5180;155259.0;257580.0;910222.0;150124.0
5190;151703.0;214913.0;860444.0;150913.0
5200;149728.0;228345.0;848197.0;156445.0
5210;163160.0;222814.0;1057184.0;153679.0
5220;255605.0;396642.0;1537974.0;286025.0
5230;231111.0;231901.0;1258666.0;154469.0
5240;151704.0;224790.0;835950.0;154469.0
5250;236247.0;221234.0;880593.0;153679.0
5260;154074.0;224395.0;853728.0;159999.0
5270;221629.0;353185.0;950518.0;156444.0
5280;242568.0;412444.0;1106173.0;156839.0
5290;160790.0;233482.0;852148.0;154470.0
5300;156050.0;230716.0;870321.0;155260.0
5310;169481.0;234271.0;1019654.0;250073.0
5320;161185.0;228346.0;875062.0;157630.0
5330;301827.0;340148.0;983704.0;162765.0
5340;157629.0;240198.0;879012.0;161186.0
5350;155654.0;321185.0;861629.0;157234.0
5360;156445.0;229926.0;937086.0;188049.0
5370;158024.0;229531.0;871901.0;159210.0
5380;157630.0;226766.0;896790.0;183703.0
5390;157235.0;225185.0;869135.0;199901.0
5400;157235.0;231901.0;872691.0;156839.0
5410;156444.0;310913.0;878222.0;160790.0
5420;158025.0;230321.0;871506.0;160395.0
5430;156049.0;233087.0;869531.0;159605.0
5440;171852.0;310124.0;1050468.0;158024.0
5450;158025.0;231901.0;872296.0;158420.0
5460;163556.0;242963.0;879802.0;160000.0
5470;162765.0;233876.0;1071407.0;261136.0
5480;159209.0;229136.0;884148.0;160395.0
5490;160000.0;240988.0;977383.0;159605.0
5500;165135.0;238222.0;883752.0;184494.0
5510;159210.0;239802.0;907851.0;159209.0
5520;164346.0;237827.0;938666.0;165926.0
5530;165136.0;234666.0;901135.0;161580.0
5540;279704.0;406914.0;1220741.0;161186.0
5550;180938.0;246123.0;1299357.0;315654.0
5560;161580.0;237037.0;899555.0;163951.0
5570;161185.0;245728.0;939456.0;168691.0
5580;161580.0;240987.0;887704.0;163160.0
5590;165926.0;386371.0;896394.0;162371.0
5600;162370.0;237432.0;939852.0;164741.0
5610;162370.0;239012.0;903111.0;163555.0
5620;169876.0;238222.0;1101037.0;169086.0
5630;161580.0;237037.0;895999.0;164741.0
5640;164346.0;236246.0;958419.0;164741.0
5650;164741.0;240197.0;939457.0;190815.0
5660;163555.0;240592.0;950123.0;165136.0
5670;237432.0;257580.0;929580.0;167111.0
5680;163951.0;245333.0;935111.0;164741.0
5690;165136.0;329481.0;940247.0;166716.0
5700;166716.0;244543.0;1021234.0;229926.0
5710;170666.0;249679.0;932345.0;167506.0
5720;165530.0;337778.0;951703.0;166716.0
5730;167506.0;256000.0;954468.0;173432.0
5740;166716.0;242962.0;923259.0;171852.0
5750;167901.0;244543.0;1132641.0;177383.0
5760;169482.0;243753.0;1004642.0;167506.0
5770;172642.0;295506.0;953283.0;167506.0
5780;167507.0;239407.0;950519.0;168691.0
5790;169482.0;253235.0;950913.0;170272.0
5800;171852.0;252840.0;1119210.0;238222.0
5810;168296.0;248098.0;961579.0;174222.0
5820;171852.0;389530.0;959209.0;169481.0
5830;168691.0;250074.0;942617.0;169876.0
5840;181729.0;255605.0;972642.0;171457.0
5850;298271.0;427852.0;1485827.0;318815.0
5860;170272.0;334617.0;989630.0;171852.0
5870;171852.0;249679.0;1102617.0;297086.0
5880;169876.0;246519.0;971851.0;171061.0
5890;177383.0;269037.0;1039407.0;251260.0
5900;170666.0;249679.0;992394.0;173432.0
5910;170667.0;257185.0;954073.0;171852.0
5920;175802.0;259950.0;1152790.0;181333.0
5930;172247.0;254420.0;956839.0;174222.0
5940;181333.0;261136.0;972246.0;254025.0
5950;173432.0;262716.0;979753.0;174617.0
5960;173827.0;254024.0;986469.0;175012.0
5970;175408.0;251260.0;988444.0;198715.0
5980;173827.0;259160.0;990024.0;173432.0
5990;263506.0;266271.0;986074.0;175012.0
6000;173036.0;256790.0;1011753.0;175407.0
6010;173037.0;258766.0;996346.0;179358.0
6020;176198.0;248494.0;1045333.0;179358.0
6030;175408.0;259555.0;992000.0;178172.0
6040;192790.0;303012.0;1197826.0;175803.0
6050;174223.0;263111.0;1015703.0;174617.0
6060;176198.0;257186.0;1072592.0;178568.0
6070;180148.0;261926.0;1017283.0;179358.0
6080;175802.0;251654.0;1049679.0;176987.0
6090;184494.0;267852.0;1104592.0;184493.0
6100;176198.0;252049.0;1005431.0;178172.0
6110;181333.0;316839.0;1012148.0;178963.0
6120;178963.0;260740.0;1038617.0;178963.0
6130;176987.0;259951.0;1056000.0;181333.0
6140;186469.0;466568.0;1103407.0;184888.0
6150;187259.0;344493.0;2176789.0;314469.0
6160;179753.0;252840.0;1195457.0;180148.0
6170;181333.0;254025.0;1116839.0;183704.0
6180;178568.0;272592.0;1082073.0;181729.0
6190;179753.0;273778.0;1075752.0;181333.0
6200;181333.0;267061.0;1236937.0;202667.0
6210;185679.0;280099.0;1079309.0;182518.0
6220;186469.0;266667.0;1178073.0;180938.0
6230;182123.0;277729.0;1044543.0;184494.0
6240;182518.0;291555.0;1178863.0;181728.0
6250;187259.0;284840.0;1052840.0;183309.0
6260;187260.0;370963.0;1063505.0;183704.0
6270;182519.0;283654.0;1159110.0;188839.0
6280;182123.0;276148.0;1045333.0;183703.0
6290;186469.0;277333.0;1274468.0;183308.0
6300;186074.0;278913.0;1059556.0;188839.0
6310;272592.0;424691.0;1127506.0;189629.0
6320;184099.0;265876.0;1058370.0;190420.0
6330;184494.0;268642.0;1051259.0;187654.0
6340;183704.0;263901.0;1058765.0;192790.0
6350;184494.0;263506.0;1061135.0;186864.0
6360;195555.0;283654.0;1321481.0;207013.0
6370;184494.0;277729.0;1082864.0;188444.0
6380;216099.0;355950.0;1191901.0;190420.0
6390;186074.0;287605.0;1066271.0;186864.0
6400;187655.0;453531.0;1269728.0;188050.0
6410;187259.0;273778.0;1084049.0;188049.0
6420;285235.0;610370.0;1162666.0;193975.0
6430;253629.0;270617.0;1924740.0;192790.0
6440;192395.0;277728.0;1335703.0;192790.0
6450;188049.0;285630.0;1079308.0;187259.0
6460;232691.0;290370.0;1069036.0;193185.0
6470;188840.0;285234.0;1075358.0;189234.0
6480;188050.0;278518.0;1078123.0;194765.0
6490;188839.0;272592.0;1069037.0;189235.0
6500;192395.0;369778.0;1082863.0;189629.0
6510;189630.0;284050.0;1091161.0;194765.0
6520;191210.0;277728.0;1091160.0;189630.0
6530;199506.0;269037.0;1287110.0;195556.0
6540;191210.0;316049.0;1074963.0;190420.0
6550;196741.0;276148.0;1373629.0;194371.0
6560;190420.0;278123.0;1116839.0;193581.0
6570;277728.0;322766.0;1104197.0;191210.0
6580;202271.0;304198.0;1080098.0;191605.0
6590;199901.0;427852.0;1182419.0;192000.0
6600;194370.0;296691.0;1325036.0;208593.0
6610;196740.0;510024.0;1206123.0;195951.0
6620;198321.0;293926.0;1205728.0;222024.0
6630;200691.0;345284.0;1200987.0;196346.0
6640;237827.0;334222.0;1251950.0;200297.0
6650;201482.0;352000.0;1332148.0;292741.0
6660;261531.0;350420.0;1252345.0;197531.0
6670;384394.0;688987.0;3335900.0;422716.0
6680;412445.0;529382.0;1212839.0;222814.0
6690;243753.0;331851.0;1231407.0;199506.0
6700;202666.0;423111.0;1688493.0;195950.0
6710;196740.0;338962.0;1216790.0;247309.0
6720;197926.0;420345.0;1707851.0;330271.0
6730;197531.0;380049.0;1291456.0;196345.0
6740;195556.0;300641.0;1314765.0;262321.0
6750;202667.0;356740.0;1274864.0;242173.0
6760;198716.0;303803.0;1210469.0;261136.0
6770;206617.0;334617.0;1244049.0;214124.0
6780;207802.0;304197.0;1240494.0;201876.0
6790;202272.0;338963.0;1152789.0;212148.0
6800;202667.0;291951.0;1151209.0;201087.0
6810;200691.0;292741.0;1117629.0;200691.0
6820;199901.0;296296.0;1455012.0;321185.0
6830;201482.0;380444.0;1215999.0;229531.0
6840;206222.0;297087.0;1182814.0;205828.0
6850;203457.0;342914.0;1209678.0;201481.0
6860;203852.0;304592.0;1153580.0;205432.0
6870;208593.0;429827.0;1252740.0;201482.0
6880;208988.0;316839.0;1221135.0;203062.0
6890;214123.0;458271.0;1274074.0;242568.0
6900;344888.0;663308.0;1751308.0;367803.0
6910;204642.0;312099.0;1145679.0;368593.0
6920;270617.0;302617.0;1445925.0;203852.0
6930;201876.0;307753.0;1177679.0;201877.0
6940;284840.0;295901.0;1439604.0;202271.0
6950;227556.0;287605.0;1171753.0;206617.0
6960;213333.0;316839.0;1317925.0;204642.0
6970;204247.0;305778.0;1151604.0;203062.0
6980;213333.0;378864.0;1195457.0;203851.0
6990;204247.0;310124.0;1165432.0;205827.0
7000;305383.0;393876.0;1193086.0;203062.0
7010;207013.0;301827.0;1176098.0;206617.0
7020;214519.0;328296.0;1268148.0;206222.0
7030;205037.0;325531.0;1184789.0;208198.0
7040;213333.0;318815.0;1365332.0;204247.0
7050;205037.0;299062.0;1207703.0;204247.0
7060;208988.0;423506.0;1258271.0;207012.0
7070;208987.0;302617.0;1227061.0;210963.0
7080;210963.0;419555.0;1284345.0;206617.0
7090;207803.0;314864.0;1214814.0;207803.0
7100;205827.0;327506.0;1212444.0;206222.0
7110;205432.0;321185.0;1223111.0;208198.0
7120;205827.0;400988.0;1227061.0;210963.0
7130;206617.0;295111.0;1192296.0;207012.0
7140;461037.0;692543.0;2245135.0;362272.0
7150;207408.0;318025.0;1216394.0;230716.0
7160;208593.0;309334.0;1214025.0;262321.0
7170;214914.0;398223.0;1545876.0;208198.0
7180;221235.0;310123.0;1323456.0;322370.0
7190;208197.0;321185.0;1316741.0;208988.0
7200;208197.0;310519.0;1288296.0;211358.0
7210;209382.0;400198.0;1238914.0;210173.0
7220;216494.0;322765.0;1272888.0;218864.0
7230;213729.0;402568.0;1245629.0;210568.0
7240;209777.0;318814.0;1245234.0;244938.0
7250;212148.0;399803.0;1248789.0;209778.0
7260;226766.0;324740.0;1318715.0;214519.0
7270;211753.0;316839.0;1264197.0;218864.0
7280;219654.0;323555.0;1301333.0;221629.0
7290;213334.0;372543.0;1401283.0;216889.0
7300;214913.0;316444.0;1283951.0;214913.0
7310;222420.0;359111.0;1317136.0;214124.0
7320;211753.0;321975.0;1243654.0;213333.0
7330;243358.0;339753.0;1343604.0;212148.0
7340;213333.0;324740.0;1234567.0;213728.0
7350;307357.0;370567.0;1244839.0;214518.0
7360;213728.0;329086.0;1309234.0;217284.0
7370;257975.0;566123.0;2376295.0;403753.0
7380;214518.0;323160.0;1241678.0;216494.0
7390;218469.0;326321.0;1262221.0;219259.0
7400;216099.0;318025.0;1278419.0;219654.0
7410;220444.0;326716.0;1267752.0;217679.0
7420;216889.0;384000.0;1274073.0;215308.0
7430;216889.0;345679.0;1347555.0;216494.0
7440;301432.0;347654.0;1374024.0;221630.0
7450;216889.0;319605.0;1265777.0;223605.0
7460;223210.0;340939.0;1291851.0;218074.0
7470;215704.0;332247.0;1251555.0;218074.0
7480;327111.0;329481.0;1571555.0;223605.0
7490;222815.0;327111.0;1308838.0;223605.0
7500;255604.0;325531.0;1584592.0;218469.0
7510;218469.0;324345.0;1276049.0;218469.0
7520;228346.0;327506.0;1453037.0;303012.0
7530;224000.0;332642.0;1281184.0;224000.0
7540;224000.0;338963.0;1361777.0;228741.0
7550;217679.0;330667.0;1284740.0;223210.0
7560;221630.0;322766.0;1322666.0;271013.0
7570;221235.0;418371.0;1291851.0;220445.0
7580;220839.0;642765.0;1269728.0;223605.0
7590;382024.0;580345.0;1926320.0;431407.0
7600;326321.0;470123.0;1808987.0;255210.0
7610;221235.0;334222.0;1295012.0;222815.0
7620;268246.0;343309.0;1624889.0;308148.0
7630;220839.0;336198.0;1325431.0;227160.0
7640;228346.0;334617.0;1572740.0;222815.0
7650;222419.0;332641.0;1335308.0;222419.0
7660;223210.0;331457.0;1437629.0;371753.0
7670;221235.0;345284.0;1323852.0;224395.0
7680;228345.0;352000.0;1547456.0;235852.0
7690;229135.0;359901.0;1403654.0;226370.0
7700;228346.0;334222.0;1378370.0;224395.0
7710;224000.0;517926.0;1336888.0;223605.0
7720;224790.0;340938.0;1335308.0;226370.0
7730;330271.0;566914.0;1407209.0;225580.0
7740;225185.0;340939.0;1353086.0;238618.0
7750;331061.0;332247.0;1647406.0;308939.0
7760;225580.0;349234.0;1350320.0;225975.0
7770;228740.0;348444.0;1454222.0;234666.0
7780;228740.0;338567.0;1341234.0;226370.0
7790;231111.0;342518.0;1349135.0;239012.0
7800;225976.0;346074.0;1325431.0;229135.0
7810;228346.0;346073.0;1391802.0;265086.0
7820;415210.0;617876.0;1537975.0;400197.0
7830;227161.0;345679.0;1372049.0;231901.0
7840;233481.0;342913.0;1372444.0;229136.0
7850;229136.0;358716.0;1345580.0;227951.0
7860;226765.0;344889.0;1350320.0;235062.0
7870;258370.0;384395.0;1458567.0;243753.0
7880;229136.0;342914.0;1379950.0;230716.0
7890;306173.0;345284.0;1665185.0;232691.0
7900;230321.0;344098.0;1361382.0;229926.0
7910;233087.0;342518.0;1597629.0;244938.0
7920;230716.0;351210.0;1393382.0;231901.0
7930;230716.0;345679.0;1385876.0;233086.0
7940;231506.0;416395.0;1449481.0;231901.0
7950;230716.0;352790.0;1403653.0;230716.0
7960;299062.0;354765.0;1484641.0;230321.0
7970;233087.0;348445.0;1396542.0;235457.0
7980;256790.0;350420.0;1781333.0;236642.0
7990;235456.0;355161.0;1384296.0;231901.0
8000;231111.0;348444.0;1544296.0;244148.0
8010;233481.0;434963.0;1402074.0;235852.0
8020;235061.0;355556.0;1404839.0;264296.0
8030;433383.0;350814.0;3184591.0;418766.0
8040;239012.0;435358.0;1454616.0;241383.0
8050;257185.0;348839.0;1413135.0;245333.0
8060;235457.0;526617.0;1393777.0;239407.0
8070;235062.0;354370.0;1442370.0;237432.0
8080;284445.0;374519.0;1621332.0;235061.0
8090;238617.0;352000.0;1424987.0;235852.0
8100;236642.0;355555.0;1623703.0;241778.0
8110;235062.0;359901.0;1413926.0;236642.0
8120;236642.0;354371.0;1434073.0;245333.0
8130;238222.0;447209.0;1492148.0;236247.0
8140;247309.0;373333.0;1468839.0;240198.0
8150;468543.0;656988.0;2221826.0;239803.0
8160;239012.0;369778.0;2276344.0;581530.0
8170;243358.0;361481.0;1504790.0;240197.0
8180;247704.0;365037.0;1473185.0;258370.0
8190;241383.0;628543.0;1509135.0;237432.0
8200;265481.0;364642.0;1773827.0;270617.0
8210;261926.0;396642.0;2129382.0;261135.0
8220;261136.0;370173.0;1632395.0;267061.0
8230;425086.0;616691.0;2558419.0;758123.0
8240;261531.0;425876.0;1571950.0;308544.0
8250;264692.0;408099.0;1513086.0;269037.0
8260;270617.0;397432.0;1520197.0;263506.0
8270;293136.0;422716.0;1626864.0;267061.0
8280;269432.0;378864.0;1491357.0;265086.0
8290;270222.0;376098.0;1669135.0;452346.0
8300;264296.0;474074.0;1497284.0;264692.0
8310;269432.0;384790.0;1516642.0;271803.0
8320;310913.0;542815.0;1648592.0;266272.0
8330;264691.0;372148.0;1485431.0;265087.0
8340;265481.0;379654.0;1753283.0;280889.0
8350;264691.0;378074.0;1456592.0;270222.0
8360;271802.0;369778.0;1490567.0;274568.0
8370;290765.0;523062.0;1550617.0;269432.0
8380;265482.0;381629.0;1477530.0;266667.0
8390;275357.0;391901.0;1711011.0;278913.0
8400;266666.0;370173.0;1502024.0;267457.0
8410;265877.0;372938.0;1506765.0;267852.0
8420;274568.0;438914.0;1495308.0;280099.0
8430;433778.0;849777.0;1667950.0;270617.0
8440;275357.0;399802.0;1497284.0;304988.0
8450;354766.0;602469.0;1685728.0;282074.0
8460;270617.0;380444.0;1502419.0;267457.0
8470;281284.0;388741.0;1561679.0;401383.0
8480;275753.0;469728.0;1519801.0;267852.0
8490;272592.0;399013.0;1485431.0;342518.0
8500;327506.0;439309.0;1546271.0;269037.0
8510;273383.0;399013.0;1472789.0;274173.0
8520;271802.0;395457.0;1706271.0;276148.0
8530;270617.0;421531.0;1492937.0;272197.0
8540;272987.0;377678.0;1509530.0;271408.0
8550;291160.0;406914.0;1487407.0;271803.0
8560;275358.0;427852.0;1522568.0;272593.0
8570;272197.0;405333.0;1711407.0;577580.0
8580;274963.0;433778.0;1596049.0;271407.0
8590;273778.0;423111.0;1537185.0;271012.0
8600;273777.0;403358.0;1963060.0;274172.0
8610;277333.0;395457.0;1536789.0;272988.0
8620;272593.0;389926.0;1560888.0;286024.0
8630;288000.0;720592.0;1521382.0;274962.0
8640;277333.0;478814.0;1607901.0;478419.0
8650;275753.0;389135.0;1530074.0;277333.0
8660;297877.0;392296.0;1650172.0;278914.0
8670;274963.0;393087.0;1529679.0;276938.0
8680;281284.0;400987.0;1531654.0;298667.0
8690;278913.0;432198.0;1551407.0;273778.0
8700;276148.0;407308.0;1521383.0;281284.0
8710;283654.0;399012.0;1984395.0;276543.0
8720;283259.0;423506.0;1564049.0;278124.0
8730;287210.0;418371.0;1555358.0;293136.0
8740;278913.0;603259.0;1547851.0;276543.0
8750;296691.0;389531.0;1532839.0;281284.0
8760;281284.0;418370.0;1741432.0;297877.0
8770;278124.0;487901.0;1574715.0;279308.0
8780;278518.0;416395.0;1524542.0;284050.0
8790;335408.0;401778.0;1648197.0;279308.0
8800;278914.0;392692.0;1637925.0;280888.0
8810;282864.0;396247.0;1602369.0;303013.0
8820;280889.0;612346.0;1568000.0;284050.0
8830;897185.0;516741.0;1821234.0;282864.0
8840;293135.0;408099.0;1598024.0;282469.0
8850;297481.0;426271.0;1710617.0;297481.0
8860;281284.0;410865.0;1558123.0;285630.0
8870;288790.0;411259.0;1585382.0;300641.0
8880;371753.0;621431.0;1587357.0;284839.0
8890;280889.0;421926.0;1559703.0;282864.0
8900;286815.0;410864.0;1927110.0;285234.0
8910;282074.0;506073.0;1590913.0;287210.0
8920;282074.0;410073.0;1591703.0;287210.0
8930;289580.0;407309.0;1928691.0;283654.0
8940;284445.0;422716.0;1582222.0;287210.0
8950;284444.0;417975.0;1609481.0;284049.0
8960;331061.0;562963.0;1828740.0;284049.0
8970;286420.0;424691.0;1611061.0;290370.0
8980;289581.0;423901.0;1580246.0;308148.0
8990;286815.0;690962.0;1603554.0;284840.0
9000;286815.0;427061.0;1579851.0;289580.0
9010;286025.0;418370.0;1933036.0;370568.0
9020;288395.0;941826.0;1598814.0;286814.0
9030;289581.0;402172.0;1651357.0;512790.0
9040;286420.0;432198.0;1608691.0;286420.0
9050;425086.0;583506.0;1697579.0;289185.0
9060;286420.0;416789.0;1670321.0;287605.0
9070;291160.0;421136.0;1639505.0;316049.0
9080;371358.0;627753.0;1651752.0;288000.0
9090;289185.0;432593.0;1681777.0;290371.0
9100;293926.0;402963.0;1713382.0;378864.0
9110;291160.0;659358.0;1614616.0;290370.0
9120;289580.0;428246.0;1666765.0;290765.0
9130;291951.0;440889.0;1848888.0;298272.0
9140;291555.0;537284.0;1643061.0;291161.0
9150;289975.0;433778.0;1636345.0;289580.0
9160;291951.0;419555.0;2004147.0;291160.0
9170;291556.0;434172.0;1635554.0;291160.0
9180;295901.0;445630.0;1650172.0;291950.0
9190;406123.0;420345.0;1819259.0;298272.0
9200;301432.0;439309.0;1695604.0;294321.0
9210;296691.0;434568.0;2174024.0;536888.0
9220;290765.0;441284.0;2016394.0;305382.0
9230;306173.0;463802.0;1820048.0;297086.0
9240;293136.0;424297.0;1729580.0;298271.0
9250;297481.0;415605.0;1814123.0;311703.0
9260;477630.0;583901.0;1744197.0;293531.0
9270;308939.0;430222.0;1671505.0;293925.0
9280;299852.0;442469.0;1754863.0;406913.0
9290;306173.0;538469.0;1827160.0;353580.0
9300;301037.0;434963.0;1691653.0;309728.0
9310;296692.0;438123.0;1685728.0;413234.0
9320;381234.0;537679.0;1770666.0;296691.0
9330;298667.0;419951.0;1684148.0;299457.0
9340;297876.0;438518.0;1673876.0;413629.0
9350;313679.0;451950.0;1722864.0;297086.0
9360;297876.0;431803.0;1677827.0;296692.0
9370;296691.0;437728.0;1733530.0;310518.0
9380;309333.0;617481.0;1681382.0;300642.0
9390;647111.0;570074.0;2618073.0;571654.0
9400;300642.0;433777.0;1675851.0;305382.0
9410;314469.0;453135.0;2003357.0;439308.0
9420;429432.0;489481.0;1688888.0;363852.0
9430;306567.0;440889.0;1669135.0;304988.0
9440;298272.0;448395.0;1784888.0;314864.0
9450;465382.0;566518.0;1785679.0;300246.0
9460;472099.0;540049.0;2123061.0;315654.0
9470;306963.0;448395.0;1758419.0;301037.0
9480;485531.0;441284.0;2059456.0;303407.0
9490;312098.0;586667.0;1820838.0;300642.0
9500;315259.0;431012.0;1715752.0;301037.0
9510;306568.0;480395.0;2158616.0;304592.0
9520;303407.0;467753.0;1718123.0;313284.0
9530;302223.0;444444.0;1724444.0;303802.0
9540;303407.0;456296.0;2004938.0;325136.0
9550;398617.0;479605.0;1705876.0;301432.0
9560;307358.0;444049.0;1712592.0;303408.0
9570;509234.0;450765.0;2654419.0;511210.0
9580;305778.0;462617.0;1802271.0;446025.0
9590;508445.0;532938.0;1739061.0;332642.0
9600;325135.0;455111.0;1890369.0;320395.0
9610;318420.0;455505.0;1928691.0;399802.0
9620;321581.0;447210.0;2164147.0;310518.0
9630;311703.0;444050.0;1712987.0;309728.0
9640;309728.0;447604.0;1727209.0;306173.0
9650;308938.0;448395.0;2034567.0;304988.0
9660;313679.0;521877.0;1732345.0;310913.0
9670;306567.0;449185.0;1761580.0;306173.0
9680;323161.0;446420.0;1884048.0;407309.0
9690;395062.0;519901.0;1742617.0;309334.0
9700;312494.0;463407.0;1808986.0;312099.0
9710;310913.0;478419.0;1788048.0;331456.0
9720;393481.0;630123.0;1771456.0;310518.0
9730;308938.0;455506.0;2014024.0;311704.0
9740;317234.0;560197.0;1862716.0;369383.0
9750;318814.0;457086.0;1914468.0;874271.0
9760;317235.0;435357.0;2394863.0;313679.0
9770;315259.0;489876.0;1807012.0;310123.0
9780;317629.0;455506.0;1785283.0;327901.0
9790;313679.0;453926.0;2073284.0;444445.0
9800;315655.0;712296.0;1795159.0;319605.0
9810;317629.0;450370.0;1797136.0;312099.0
9820;316049.0;461432.0;1771061.0;322370.0
9830;348840.0;462222.0;1893925.0;316445.0
9840;312493.0;451950.0;1789629.0;318025.0
9850;312889.0;452741.0;1793975.0;316839.0
9860;316444.0;473284.0;2273579.0;315259.0
9870;314864.0;463803.0;1770271.0;313679.0
9880;315259.0;471308.0;1819654.0;318420.0
9890;322370.0;451556.0;2096197.0;318815.0
9900;319210.0;1073382.0;1767506.0;318025.0
9910;907061.0;790124.0;3380147.0;575605.0
9920;316445.0;783803.0;1881678.0;316444.0
9930;318024.0;476445.0;1808197.0;317234.0
9940;320395.0;467753.0;1819654.0;325531.0
9950;419950.0;472494.0;1913678.0;317630.0
9960;323160.0;468938.0;1837036.0;316049.0
9970;317630.0;461037.0;1805431.0;317629.0
9980;319605.0;482371.0;2078814.0;321185.0
9990;318024.0;515951.0;1895506.0;317234.0
10000;318420.0;459456.0;1861530.0;315259.0

