Quick Sort Inplace M3(Cutoff: 5.0)
Count;Sorted;Reverse;Random;Same
0;395.0;0.0;1185.0;10667.0
10;2370.0;3161.0;4346.0;41087.0
20;4346.0;7901.0;10272.0;9482.0
30;7901.0;20938.0;11061.0;13827.0
40;13827.0;58864.0;30025.0;31605.0
50;17382.0;47012.0;38716.0;39111.0
60;26864.0;56099.0;42272.0;54124.0
70;28840.0;79012.0;45432.0;62815.0
80;52148.0;112988.0;51358.0;59655.0
90;37135.0;102716.0;53728.0;137087.0
100;38716.0;113778.0;76247.0;61630.0
110;25284.0;79013.0;85333.0;71506.0
120;33580.0;152099.0;51753.0;47802.0
130;133926.0;220839.0;124049.0;98765.0
140;45828.0;114173.0;68346.0;65580.0
150;83754.0;246519.0;179753.0;67555.0
160;20148.0;89679.0;49383.0;35160.0
170;20543.0;62025.0;45432.0;31605.0
180;23309.0;69531.0;39506.0;58864.0
190;37530.0;128790.0;52148.0;33581.0
200;42271.0;176988.0;81383.0;47407.0
210;45037.0;299457.0;87703.0;71111.0
220;47407.0;121679.0;141827.0;75061.0
230;32000.0;102321.0;90864.0;73482.0
240;33975.0;365036.0;57284.0;48988.0
250;68346.0;219259.0;82963.0;115358.0
260;75457.0;577185.0;107062.0;116148.0
270;62024.0;419951.0;95605.0;99160.0
280;69530.0;527802.0;103111.0;178963.0
290;76642.0;255605.0;110222.0;94420.0
300;70321.0;275358.0;178963.0;115753.0
310;69136.0;318815.0;126025.0;116939.0
320;64790.0;303407.0;125235.0;107457.0
330;78223.0;353185.0;128000.0;120494.0
340;73086.0;193185.0;92839.0;62420.0
350;64790.0;410469.0;78222.0;64791.0
360;82173.0;507259.0;135901.0;121679.0
370;44247.0;230321.0;141432.0;124444.0
380;83753.0;460246.0;91259.0;68741.0
390;101926.0;469728.0;160395.0;149333.0
400;86123.0;567703.0;175407.0;145383.0
410;80592.0;494222.0;146172.0;124445.0
420;79407.0;530963.0;102716.0;111012.0
430;39111.0;406519.0;161185.0;156049.0
440;50173.0;268642.0;155654.0;133925.0
450;81383.0;512790.0;119308.0;70321.0
460;18568.0;65580.0;80987.0;71902.0
470;20939.0;72296.0;53728.0;24889.0
480;21334.0;58864.0;49778.0;26469.0
490;26864.0;69531.0;52543.0;24098.0
500;16198.0;45432.0;54123.0;25284.0
510;13037.0;39901.0;41087.0;20148.0
520;14617.0;39901.0;41877.0;29235.0
530;14222.0;40691.0;47802.0;25679.0
540;13827.0;45037.0;43457.0;19753.0
550;16593.0;47407.0;46617.0;37136.0
560;22913.0;69530.0;152099.0;30420.0
570;26864.0;48593.0;46617.0;20543.0
580;22519.0;78222.0;47407.0;18963.0
590;28444.0;94025.0;70716.0;39111.0
600;29234.0;93630.0;73876.0;37531.0
610;29235.0;104296.0;63210.0;32790.0
620;26470.0;83358.0;74666.0;39901.0
630;30024.0;133926.0;74667.0;36741.0
640;29629.0;92444.0;157235.0;49777.0
650;25679.0;97976.0;232691.0;34765.0
660;29630.0;351605.0;74666.0;37925.0
670;27654.0;69136.0;82963.0;38716.0
680;21333.0;78222.0;64395.0;31605.0
690;31210.0;88099.0;72691.0;40296.0
700;15802.0;64000.0;60049.0;22123.0
710;27259.0;103506.0;79802.0;39901.0
720;30025.0;108642.0;78222.0;37136.0
730;26865.0;116938.0;79802.0;36345.0
740;29235.0;125234.0;83358.0;43457.0
750;33185.0;126815.0;88099.0;37531.0
760;29235.0;129185.0;85333.0;37531.0
770;30815.0;135506.0;85728.0;43062.0
780;31210.0;126419.0;97976.0;40691.0
790;29235.0;143012.0;93630.0;45827.0
800;33580.0;150914.0;94419.0;40691.0
810;33580.0;143803.0;112987.0;43062.0
820;32395.0;147358.0;98370.0;45037.0
830;18173.0;90469.0;72692.0;28840.0
840;17778.0;86914.0;68345.0;24098.0
850;18568.0;85728.0;69136.0;24889.0
860;17778.0;88494.0;69136.0;25679.0
870;20148.0;90074.0;86519.0;24493.0
880;18963.0;93234.0;70716.0;27259.0
890;18568.0;93630.0;72296.0;25284.0
900;19358.0;96000.0;75456.0;25679.0
910;19753.0;103901.0;74667.0;26865.0
920;21729.0;105876.0;74271.0;27259.0
930;20938.0;99950.0;75852.0;28839.0
940;30815.0;105481.0;77827.0;29630.0
950;22519.0;106667.0;76247.0;29629.0
960;22519.0;110222.0;80198.0;32395.0
970;25284.0;129975.0;79012.0;32790.0
980;28839.0;118124.0;81383.0;33580.0
990;24099.0;112987.0;82173.0;32790.0
1000;24889.0;114963.0;82568.0;33185.0
1010;26074.0;126815.0;83753.0;33975.0
1020;26469.0;121284.0;91655.0;35951.0
1030;26864.0;124049.0;82963.0;37531.0
1040;27655.0;122469.0;84938.0;40692.0
1050;27260.0;126025.0;88494.0;35556.0
1060;28050.0;126420.0;86518.0;39901.0
1070;28049.0;130765.0;86518.0;38716.0
1080;30024.0;141827.0;89679.0;35951.0
1090;28050.0;133530.0;91655.0;37926.0
1100;38321.0;135506.0;91259.0;39506.0
1110;28444.0;137087.0;90469.0;37530.0
1120;28444.0;142223.0;94420.0;37136.0
1130;36345.0;144592.0;92840.0;39111.0
1140;28839.0;145778.0;95209.0;37531.0
1150;29629.0;146173.0;95210.0;39506.0
1160;30025.0;154074.0;96000.0;43456.0
1170;29234.0;151309.0;99161.0;38321.0
1180;29235.0;152099.0;96395.0;40691.0
1190;29235.0;156049.0;100345.0;38716.0
1200;32395.0;158024.0;99951.0;40692.0
1210;30420.0;161580.0;101136.0;40691.0
1220;30024.0;160790.0;103902.0;39506.0
1230;30419.0;165136.0;99950.0;40692.0
1240;30420.0;168692.0;112593.0;40691.0
1250;32396.0;178963.0;106667.0;62815.0
1260;30024.0;169877.0;106271.0;41086.0
1270;32790.0;191605.0;105876.0;47407.0
1280;44247.0;210963.0;136691.0;44642.0
1290;33975.0;182519.0;121283.0;45432.0
1300;32790.0;190420.0;111803.0;42272.0
1310;33185.0;182124.0;114963.0;43457.0
1320;32395.0;184889.0;113778.0;44642.0
1330;32395.0;187259.0;115753.0;43852.0
1340;32395.0;190419.0;112987.0;43457.0
1350;37531.0;193580.0;112988.0;43457.0
1360;35951.0;195160.0;114568.0;48988.0
1370;32395.0;197531.0;115753.0;43456.0
1380;45827.0;643950.0;148543.0;117334.0
1390;45432.0;619061.0;144198.0;52543.0
1400;45828.0;638024.0;144593.0;53333.0
1410;46222.0;635259.0;145778.0;53333.0
1420;46222.0;1013728.0;148938.0;54913.0
1430;84939.0;1136988.0;223605.0;94815.0
1440;147753.0;1028740.0;217284.0;101531.0
1450;70716.0;725333.0;201482.0;106667.0
1460;53728.0;674371.0;151309.0;60444.0
1470;47012.0;690173.0;153679.0;69531.0
1480;47408.0;700839.0;160395.0;56889.0
1490;48197.0;705975.0;155259.0;56493.0
1500;128000.0;715852.0;158814.0;57679.0
1510;48593.0;720593.0;157629.0;58074.0
1520;48988.0;986864.0;159605.0;58470.0
1530;90469.0;744691.0;226371.0;93630.0
1540;50963.0;791704.0;162765.0;81382.0
1550;49778.0;806715.0;162766.0;60049.0
1560;50963.0;774321.0;165530.0;65580.0
1570;57679.0;793284.0;168296.0;63210.0
1580;51358.0;790123.0;171062.0;62815.0
1590;50963.0;804741.0;168297.0;60445.0
1600;56099.0;809482.0;167111.0;60445.0
1610;51753.0;833580.0;170272.0;64395.0
1620;52543.0;824493.0;169087.0;65580.0
1630;54123.0;843456.0;177778.0;61629.0
1640;62420.0;876642.0;175407.0;65185.0
1650;53333.0;863210.0;175012.0;63605.0
1660;53334.0;885728.0;172247.0;62420.0
1670;53333.0;893234.0;179358.0;73087.0
1680;53333.0;896394.0;180543.0;65976.0
1690;54124.0;917728.0;178173.0;65580.0
1700;56494.0;996345.0;179753.0;65185.0
1710;56098.0;1140937.0;184099.0;65580.0
1720;55703.0;939851.0;197531.0;68741.0
1730;59259.0;978963.0;184494.0;68346.0
1740;55309.0;958024.0;187654.0;68345.0
1750;55704.0;968295.0;185284.0;74272.0
1760;56099.0;1071407.0;193185.0;69926.0
1770;57679.0;990420.0;194766.0;68346.0
1780;57679.0;1016493.0;197136.0;69531.0
1790;56494.0;1005432.0;192395.0;69926.0
1800;60050.0;1022419.0;192000.0;70716.0
1810;58864.0;1027555.0;196741.0;69926.0
1820;59655.0;1039012.0;193580.0;72691.0
1830;60049.0;1049283.0;200691.0;71506.0
1840;59654.0;1065876.0;202271.0;72297.0
1850;60049.0;1074963.0;194766.0;73087.0
1860;60840.0;1084444.0;201481.0;73482.0
1870;65975.0;1094320.0;199901.0;75062.0
1880;63605.0;1106963.0;205432.0;77432.0
1890;62419.0;1121975.0;202666.0;76247.0
1900;62815.0;1146469.0;206222.0;76642.0
1910;63605.0;1150420.0;208593.0;77827.0
1920;66371.0;1151605.0;216494.0;78617.0
1930;63605.0;1277629.0;207407.0;77827.0
1940;64790.0;1182024.0;210963.0;81777.0
1950;66371.0;1194666.0;216494.0;81778.0
1960;66765.0;1217185.0;210963.0;79803.0
1970;65580.0;1217579.0;213333.0;84543.0
1980;155259.0;1223506.0;234666.0;81778.0
1990;65580.0;1234962.0;219259.0;80592.0
2000;66371.0;1253135.0;213334.0;80988.0
2010;67160.0;1257481.0;224395.0;81382.0
2020;67950.0;1274864.0;218865.0;82173.0
2030;71111.0;1296197.0;259556.0;85334.0
2040;68346.0;1297777.0;229531.0;82963.0
2050;68345.0;1314765.0;230716.0;84148.0
2060;69531.0;1325036.0;224000.0;83358.0
2070;77037.0;1337678.0;224395.0;85728.0
2080;74271.0;1366123.0;233877.0;84543.0
2090;71111.0;1368098.0;230716.0;84939.0
2100;71506.0;1398518.0;235062.0;86124.0
2110;70716.0;1385876.0;230716.0;86124.0
2120;70716.0;1428543.0;229531.0;85728.0
2130;127605.0;2325727.0;308148.0;190420.0
2140;305778.0;1826370.0;621037.0;868740.0
2150;75062.0;1530074.0;247309.0;86519.0
2160;71507.0;1541925.0;242568.0;86913.0
2170;75457.0;1479110.0;238618.0;88889.0
2180;71901.0;1475160.0;239802.0;87309.0
2190;72691.0;1492543.0;236642.0;87703.0
2200;73481.0;1506370.0;246123.0;88494.0
2210;75061.0;1526913.0;244938.0;88494.0
2220;73482.0;1523357.0;246913.0;95210.0
2230;73876.0;1541135.0;242172.0;88099.0
2240;76247.0;1564839.0;256000.0;90074.0
2250;73876.0;1586172.0;251654.0;92840.0
2260;74272.0;1598024.0;246914.0;91655.0
2270;81383.0;1614616.0;248494.0;90469.0
2280;75061.0;1687703.0;253234.0;91654.0
2290;75852.0;1618962.0;249283.0;93235.0
2300;75062.0;1639900.0;248098.0;95209.0
2310;76247.0;1673481.0;257975.0;92049.0
2320;77037.0;1769480.0;252049.0;92049.0
2330;78222.0;1691259.0;257975.0;93630.0
2340;78222.0;1703110.0;263111.0;114963.0
2350;78222.0;1703505.0;259951.0;102321.0
2360;83358.0;1817678.0;264296.0;94025.0
2370;77037.0;1747752.0;262321.0;94025.0
2380;77827.0;1757629.0;271012.0;95209.0
2390;82173.0;1777382.0;269037.0;95210.0
2400;78222.0;1920395.0;265086.0;94419.0
2410;81382.0;1826765.0;268247.0;96000.0
2420;82568.0;1825579.0;281679.0;101136.0
2430;78617.0;1874567.0;268642.0;97975.0
2440;82567.0;1946864.0;277728.0;101531.0
2450;80197.0;1861135.0;280888.0;101531.0
2460;81383.0;1879308.0;269037.0;97580.0
2470;82173.0;1889975.0;274963.0;98765.0
2480;83358.0;1916049.0;367802.0;101531.0
2490;89284.0;1918814.0;278913.0;100346.0
2500;82568.0;1940937.0;287605.0;101925.0
2510;81778.0;1955160.0;282074.0;101136.0
2520;82173.0;1977678.0;286420.0;107852.0
2530;83358.0;1976888.0;282469.0;104297.0
2540;84543.0;2008493.0;284839.0;105481.0
2550;85333.0;2159012.0;284444.0;103111.0
2560;88889.0;2058666.0;286025.0;101136.0
2570;85333.0;2059851.0;341334.0;112987.0
2580;84543.0;2059061.0;293136.0;102716.0
2590;86519.0;3018666.0;310123.0;103901.0
2600;172642.0;3473381.0;412444.0;234272.0
2610;142222.0;2816394.0;301432.0;106272.0
2620;91259.0;2470320.0;300642.0;106271.0
2630;88889.0;2320197.0;305777.0;104297.0
2640;86124.0;2238418.0;367802.0;105087.0
2650;85729.0;2158221.0;297481.0;105481.0
2660;92445.0;2174419.0;298667.0;111013.0
2670;86124.0;2187456.0;297876.0;104692.0
2680;86123.0;2202469.0;301037.0;105482.0
2690;87309.0;2223802.0;301827.0;105482.0
2700;89284.0;2241184.0;310518.0;107457.0
2710;90074.0;2278715.0;391901.0;106271.0
2720;89679.0;2304000.0;351605.0;109827.0
2730;88888.0;2288197.0;306173.0;111802.0
2740;88888.0;2388147.0;313284.0;111012.0
2750;90469.0;2328493.0;310123.0;110222.0
2760;88493.0;2343900.0;307753.0;111408.0
2770;88889.0;2442665.0;316840.0;108642.0
2780;89284.0;2380246.0;317629.0;108246.0
2790;90469.0;2392492.0;312889.0;111407.0
2800;94814.0;2401579.0;310123.0;116148.0
2810;91655.0;2428048.0;320000.0;110617.0
2820;90469.0;2460049.0;322370.0;111012.0
2830;94419.0;2455307.0;318814.0;111802.0
2840;92839.0;2476246.0;323160.0;112988.0
2850;93630.0;2504690.0;339358.0;112198.0
2860;92840.0;2502715.0;322765.0;114568.0
2870;94025.0;2526419.0;335013.0;114172.0
2880;91654.0;2542616.0;350024.0;116148.0
2890;93235.0;2573036.0;328296.0;112592.0
2900;97185.0;2586863.0;409678.0;113778.0
2910;93630.0;2607407.0;333827.0;113777.0
2920;94025.0;2618468.0;332247.0;113383.0
2930;93629.0;2628345.0;332247.0;114963.0
2940;94419.0;2649678.0;342914.0;116938.0
2950;97185.0;2844839.0;335012.0;119703.0
2960;101530.0;2691554.0;335802.0;116938.0
2970;96791.0;4529776.0;339753.0;118913.0
2980;164741.0;3295998.0;1115258.0;199506.0
2990;97185.0;2736987.0;340543.0;117728.0
3000;98370.0;2763060.0;346073.0;122469.0
3010;101925.0;2797036.0;344494.0;118914.0
3020;96790.0;2787160.0;345284.0;122864.0
3030;99951.0;2889875.0;352790.0;118913.0
3040;97581.0;2851555.0;349630.0;119308.0
3050;117334.0;2872493.0;350815.0;120493.0
3060;100741.0;2963752.0;352790.0;121679.0
3070;101531.0;2953085.0;353580.0;120889.0
3080;99951.0;2894221.0;351605.0;121679.0
3090;106666.0;2915950.0;369383.0;120889.0
3100;105086.0;2993776.0;358321.0;120494.0
3110;104691.0;2961777.0;358321.0;122074.0
3120;132345.0;5006220.0;383605.0;127605.0
3130;319210.0;4610764.0;485136.0;126815.0
3140;133136.0;4802369.0;1081678.0;147754.0
3150;289975.0;3364740.0;388741.0;204247.0
3160;115753.0;3086616.0;393481.0;126025.0
3170;103901.0;5063899.0;380050.0;135111.0
3180;116543.0;3326419.0;381629.0;128395.0
3190;101531.0;3701332.0;371358.0;129185.0
3200;125235.0;3147851.0;381629.0;174617.0
3210;104692.0;3150221.0;362667.0;125630.0
3220;118519.0;3376591.0;502518.0;146173.0
3230;102716.0;3197628.0;371358.0;126420.0
3240;105481.0;3990122.0;372148.0;126815.0
3250;102716.0;3277036.0;375703.0;130370.0
3260;333037.0;8549133.0;514370.0;229531.0
3270;103901.0;3628641.0;374518.0;128395.0
3280;128395.0;3318517.0;393086.0;206618.0
3290;104691.0;3317727.0;375308.0;132346.0
3300;118123.0;3413332.0;498173.0;197136.0
3310;104296.0;3341431.0;377283.0;131160.0
3320;105481.0;4032393.0;386370.0;128790.0
3330;107456.0;3380147.0;385580.0;129976.0
3340;107061.0;3902813.0;384395.0;135506.0
3350;107457.0;3421233.0;395062.0;139062.0
3360;112592.0;3566616.0;398222.0;130371.0
3370;108641.0;3545283.0;396642.0;132346.0
3380;108642.0;3482863.0;400198.0;130766.0
3390;116543.0;3567801.0;585877.0;190025.0
3400;110222.0;3522369.0;396247.0;132345.0
3410;109827.0;4085332.0;392691.0;131555.0
3420;110222.0;3561085.0;430222.0;135901.0
3430;135901.0;4276936.0;397827.0;132741.0
3440;111407.0;3668937.0;408493.0;135506.0
3450;111407.0;3811554.0;394272.0;135111.0
3460;117334.0;3804838.0;406913.0;137876.0
3470;111013.0;3670122.0;404543.0;134716.0
3480;125234.0;3693826.0;422321.0;193975.0
3490;112198.0;3718319.0;408494.0;139852.0
3500;124839.0;3868048.0;696889.0;137086.0
3510;113778.0;5249183.0;406913.0;143802.0
3520;188840.0;5547454.0;828049.0;264297.0
3530;114568.0;4836344.0;422716.0;138667.0
3540;135506.0;3999209.0;455901.0;144987.0
3550;118914.0;5581430.0;409284.0;142222.0
3560;113778.0;3961282.0;412049.0;141827.0
3570;181333.0;4729282.0;437728.0;163950.0
3580;132741.0;4008689.0;487901.0;147753.0
3590;169876.0;4677924.0;428247.0;143802.0
3600;218469.0;6991800.0;662519.0;260345.0
3610;117334.0;4421529.0;450370.0;151704.0
3620;122074.0;4899949.0;423111.0;149334.0
3630;126815.0;4069529.0;487506.0;155654.0
3640;120098.0;4780245.0;436543.0;150913.0
3650;122074.0;4149332.0;602864.0;221235.0
3660;126025.0;4936294.0;438123.0;155259.0
3670;127605.0;4266665.0;436938.0;153679.0
3680;246518.0;4349628.0;544000.0;154469.0
3690;126024.0;4340936.0;442469.0;155259.0
3700;128395.0;4458270.0;434963.0;205828.0
3710;130370.0;4210566.0;432592.0;163160.0
3720;194370.0;6155059.0;468543.0;270222.0
3730;203062.0;7049083.0;536098.0;304198.0
3740;244938.0;8743108.0;724148.0;349235.0
3750;251654.0;4379653.0;558618.0;289580.0
3760;220049.0;5097875.0;679901.0;299062.0
3770;133926.0;5128689.0;442864.0;166716.0
3780;138271.0;4398616.0;466568.0;214124.0
3790;136691.0;5237332.0;448790.0;169481.0
3800;137482.0;4394665.0;449580.0;166320.0
3810;137086.0;5095504.0;448790.0;168691.0
3820;141432.0;4502122.0;448395.0;175803.0
3830;140247.0;5357035.0;458271.0;171456.0
3840;139457.0;4493826.0;451951.0;168691.0
3850;149728.0;4608393.0;471309.0;169877.0
3860;143802.0;4589825.0;460642.0;177778.0
3870;145382.0;4555060.0;462617.0;179753.0
3880;143013.0;5041776.0;454321.0;178173.0
3890;143407.0;4601282.0;462617.0;178963.0
3900;142618.0;5047306.0;461432.0;174222.0
3910;145383.0;4668442.0;462617.0;175012.0
3920;152889.0;5253134.0;462618.0;205827.0
3930;146173.0;4886911.0;469729.0;177382.0
3940;288000.0;5076541.0;470519.0;184099.0
3950;261926.0;1.0053922E7;638420.0;187655.0
3960;149333.0;4773134.0;470123.0;180939.0
3970;357135.0;4843850.0;510420.0;180543.0
3980;152493.0;4814615.0;466568.0;184098.0
3990;154469.0;4879011.0;491062.0;244938.0
4000;157629.0;5422220.0;476840.0;186074.0
4010;156049.0;4917331.0;494222.0;213334.0
4020;155654.0;6002566.0;476049.0;185679.0
4030;158420.0;4948146.0;485926.0;185284.0
4040;159210.0;4999505.0;584296.0;190420.0
4050;158815.0;5020443.0;484346.0;190025.0
4060;161975.0;5022418.0;491456.0;209778.0
4070;158419.0;5643455.0;488691.0;189234.0
4080;156049.0;5052442.0;498963.0;227555.0
4090;178567.0;5362566.0;483950.0;194765.0
4100;157235.0;5109726.0;488296.0;193580.0
4110;158815.0;5295405.0;516346.0;200691.0
4120;164346.0;5693627.0;487111.0;191209.0
4130;164346.0;5230616.0;496987.0;193580.0
4140;187260.0;5561677.0;496593.0;197136.0
4150;161185.0;7782317.0;496593.0;192395.0
4160;390321.0;8477231.0;653037.0;434962.0
4170;170667.0;5349529.0;525827.0;195160.0
4180;163556.0;5792393.0;491457.0;195160.0
4190;163556.0;5344788.0;497778.0;193975.0
4200;171457.0;5418665.0;577975.0;210962.0
4210;161580.0;6021528.0;506469.0;204642.0
4220;162766.0;5442368.0;505679.0;196345.0
4230;176988.0;5908146.0;510815.0;196741.0
4240;165136.0;5937776.0;515160.0;198321.0
4250;171062.0;5522961.0;543605.0;197925.0
4260;169086.0;6031010.0;513975.0;195950.0
4270;167506.0;5556936.0;514370.0;205037.0
4280;165531.0;5603948.0;528592.0;201481.0
4290;164740.0;6069331.0;514371.0;196741.0
4300;172641.0;5696787.0;521481.0;199506.0
4310;179358.0;5797528.0;632493.0;199901.0
4320;169086.0;7153775.0;532148.0;202272.0
4330;166321.0;5716936.0;529383.0;235852.0
4340;301827.0;9919996.0;1005037.0;199901.0
4350;310123.0;6783997.0;716247.0;511605.0
4360;172642.0;6033776.0;801580.0;243753.0
4370;185284.0;6852343.0;532148.0;200296.0
4380;178963.0;5901825.0;529383.0;200296.0
4390;177778.0;6063405.0;621827.0;254419.0
4400;180148.0;6890269.0;576790.0;205037.0
4410;168296.0;6065380.0;547951.0;203062.0
4420;172247.0;5929479.0;549136.0;224790.0
4430;175802.0;6668244.0;530568.0;201876.0
4440;170666.0;6042466.0;530172.0;205037.0
4450;176593.0;6025084.0;570074.0;235061.0
4460;173037.0;6690368.0;532543.0;205037.0
4470;170666.0;6330862.0;534518.0;205037.0
4480;172642.0;6090664.0;538469.0;208197.0
4490;172642.0;6612936.0;534518.0;207012.0
4500;172247.0;6688393.0;557827.0;205827.0
4510;198321.0;7954170.0;592988.0;443259.0
4520;178962.0;6645331.0;547555.0;210963.0
4530;172642.0;6288590.0;544790.0;213333.0
4540;204247.0;9727602.0;653827.0;210568.0
4550;185679.0;6508639.0;784198.0;359506.0
4560;180543.0;7624293.0;562173.0;301827.0
4570;180148.0;7086219.0;555456.0;211753.0
4580;176593.0;6370367.0;553877.0;211358.0
4590;184494.0;6411059.0;627357.0;208593.0
4600;181728.0;6665874.0;553481.0;211753.0
4610;175012.0;6479010.0;554272.0;212938.0
4620;176988.0;6484145.0;667259.0;233876.0
4630;181728.0;6762664.0;557827.0;214124.0
4640;180149.0;6585282.0;559802.0;212938.0
4650;177777.0;6569874.0;558222.0;216493.0
4660;179753.0;6828639.0;565728.0;213728.0
4670;178568.0;7799701.0;566914.0;214518.0
4680;286420.0;9707453.0;877827.0;384790.0
4690;180543.0;6800985.0;579555.0;220444.0
4700;183309.0;6733429.0;564148.0;242567.0
4710;190025.0;6972047.0;560593.0;218074.0
4720;192790.0;7440985.0;583111.0;218469.0
4730;188050.0;6928589.0;613136.0;316444.0
4740;188444.0;6906862.0;617481.0;223605.0
4750;254419.0;7333528.0;577185.0;223605.0
4760;183704.0;7552787.0;570074.0;225186.0
4770;182914.0;6940046.0;580346.0;224000.0
4780;188839.0;7113873.0;580740.0;231901.0
4790;235457.0;7180640.0;586667.0;223210.0
4800;184098.0;7605330.0;594172.0;227951.0
4810;182124.0;7067652.0;592988.0;225581.0
4820;190024.0;7104788.0;587457.0;221629.0
4830;254024.0;1.05837E7;606814.0;239802.0
4840;184889.0;7871602.0;921284.0;410074.0
4850;235852.0;7299158.0;589432.0;225186.0
4860;186864.0;7344985.0;589432.0;229136.0
4870;187259.0;7198417.0;594172.0;228346.0
4880;193186.0;7265973.0;590617.0;235062.0
4890;190420.0;7401478.0;589037.0;224000.0
4900;191999.0;7391602.0;596148.0;229136.0
4910;189235.0;7301923.0;614320.0;226765.0
4920;191210.0;7456392.0;643161.0;259160.0
4930;190814.0;7590318.0;621037.0;225185.0
4940;201481.0;8100342.0;634863.0;394271.0
4950;201876.0;8006318.0;657778.0;225975.0
4960;201877.0;7849874.0;663703.0;229531.0
4970;190025.0;7723849.0;615506.0;229136.0
4980;198716.0;7721479.0;656593.0;232691.0
4990;499358.0;9607502.0;816592.0;398617.0
5000;195951.0;7712392.0;611951.0;231901.0
5010;192395.0;7690269.0;609975.0;228741.0
5020;192000.0;7690663.0;615901.0;230716.0
5030;191605.0;7681182.0;615506.0;229136.0
5040;192000.0;7704886.0;610370.0;238617.0
5050;191605.0;7834466.0;612345.0;232296.0
5060;191209.0;7881084.0;614321.0;231506.0
5070;192000.0;7877133.0;614320.0;233877.0
5080;193975.0;7826170.0;619456.0;237432.0
5090;195161.0;7860935.0;808691.0;237432.0
5100;197531.0;8859256.0;622617.0;235457.0
5110;192395.0;8374515.0;629333.0;237827.0
5120;199111.0;8469725.0;645926.0;237037.0
5130;195555.0;8778663.0;630519.0;238222.0
5140;379655.0;1.4586463E7;642370.0;261926.0
5150;270222.0;9416687.0;627358.0;238223.0
5160;336988.0;1.1951798E7;827654.0;435753.0
5170;231901.0;9456589.0;662123.0;312494.0
5180;197531.0;1.0715255E7;633284.0;240197.0
5190;209778.0;1.1853032E7;784988.0;261135.0
5200;205037.0;9916441.0;665284.0;422321.0
5210;269827.0;1.0804934E7;654222.0;241383.0
5220;223999.0;1.0731848E7;888889.0;439703.0
5230;233087.0;1.1222119E7;709531.0;269432.0
5240;210568.0;8600490.0;663309.0;250074.0
5250;203457.0;1.3776587E7;856099.0;261926.0
5260;397036.0;1.148207E7;867161.0;370173.0
5270;198716.0;8420342.0;643160.0;239803.0
5280;199901.0;8449972.0;640395.0;240988.0
5290;201877.0;8470911.0;649481.0;242568.0
5300;285630.0;8489873.0;656592.0;243358.0
5310;200691.0;8647898.0;640395.0;240987.0
5320;203457.0;8742317.0;652247.0;241778.0
5330;212148.0;8739157.0;673975.0;249679.0
5340;199506.0;8771157.0;654221.0;241382.0
5350;200691.0;8730861.0;658567.0;244148.0
5360;206222.0;8831996.0;658172.0;329877.0
5370;204642.0;8811848.0;709531.0;250469.0
5380;226370.0;8960391.0;684641.0;261135.0
5390;347259.0;1.270044E7;1001481.0;245334.0
5400;219655.0;1.0160588E7;702815.0;253630.0
5410;215703.0;1.3815699E7;832790.0;303408.0
5420;207407.0;9218761.0;673185.0;250864.0
5430;206618.0;8931157.0;714271.0;264691.0
5440;205827.0;8949330.0;720592.0;359901.0
5450;214519.0;9356638.0;703604.0;328692.0
5460;212148.0;9408391.0;690568.0;284839.0
5470;220839.0;9070219.0;704000.0;263901.0
5480;207802.0;9143305.0;847012.0;257975.0
5490;257975.0;9227453.0;762864.0;252444.0
5500;251654.0;9238910.0;815407.0;249284.0
5510;328296.0;1.617066E7;684247.0;256000.0
5520;213728.0;9799502.0;702815.0;250469.0
5530;207802.0;9465675.0;681876.0;254420.0
5540;208197.0;9749724.0;686617.0;254024.0
5550;232296.0;9638318.0;687802.0;250469.0
5560;211753.0;1.0343107E7;692147.0;251259.0
5570;229136.0;1.0569477E7;758519.0;389530.0
5580;208592.0;1.0337576E7;695703.0;251654.0
5590;215309.0;1.0622021E7;692938.0;254814.0
5600;208987.0;1.0205626E7;694913.0;277333.0
5610;210568.0;1.0168885E7;690568.0;257975.0
5620;222815.0;1.0185478E7;686617.0;252444.0
5630;353185.0;1.2603254E7;950518.0;314074.0
5640;209778.0;1.0281082E7;699654.0;256000.0
5650;210173.0;1.0249083E7;691753.0;253629.0
5660;217679.0;1.0546959E7;708346.0;256000.0
5670;211753.0;1.0477823E7;697284.0;256395.0
5680;215309.0;1.1859353E7;706765.0;263111.0
5690;212938.0;1.0966119E7;710716.0;259555.0
5700;210567.0;1.1603749E7;700050.0;260741.0
5710;214518.0;1.2850168E7;701629.0;259950.0
5720;314864.0;1.0663502E7;713876.0;262321.0
5730;224395.0;1.0087897E7;737975.0;264691.0
5740;295506.0;1.0187848E7;852543.0;265481.0
5750;366222.0;1.1566612E7;1434073.0;264296.0
5760;263111.0;1.0742909E7;716247.0;266666.0
5770;220444.0;1.103407E7;717432.0;261531.0
5780;215704.0;1.0495601E7;709531.0;265876.0
5790;216099.0;1.0629922E7;715061.0;264691.0
5800;216888.0;1.0593971E7;730469.0;269037.0
5810;220840.0;1.0631502E7;708741.0;263901.0
5820;214914.0;1.074449E7;718617.0;267456.0
5830;216889.0;1.0743304E7;723752.0;276148.0
5840;221235.0;1.0829823E7;721777.0;264296.0
5850;225186.0;1.0848391E7;722963.0;267457.0
5860;392296.0;1.928019E7;1001481.0;517926.0
5870;218864.0;1.1528292E7;785383.0;267852.0
5880;241777.0;1.1322069E7;730074.0;265877.0
5890;218074.0;1.1097674E7;743901.0;270222.0
5900;228740.0;1.21596E7;734815.0;269827.0
5910;221629.0;1.138528E7;745481.0;270617.0
5920;404148.0;1.2028045E7;977383.0;271407.0
5930;219655.0;1.1407403E7;771555.0;269037.0
5940;283654.0;1.1026959E7;763259.0;274963.0
5950;336988.0;1.0886317E7;1016098.0;435358.0
5960;223605.0;1.0799403E7;757333.0;307753.0
5970;384790.0;1.5463895E7;812246.0;455901.0
5980;223605.0;1.1591897E7;782221.0;313284.0
5990;221629.0;1.1312193E7;740741.0;276543.0
6000;270222.0;1.1258465E7;743901.0;273382.0
6010;293531.0;1.0925033E7;867950.0;271407.0
6020;226370.0;1.0987452E7;962370.0;307358.0
6030;225975.0;1.0993774E7;777877.0;293135.0
6040;223605.0;1.1047107E7;752988.0;281679.0
6050;224395.0;1.1499452E7;754172.0;277333.0
6060;228345.0;1.15757E7;769975.0;274172.0
6070;228346.0;1.1728588E7;747851.0;275358.0
6080;391901.0;1.7481475E7;961184.0;486716.0
6090;224395.0;1.1533822E7;749827.0;278123.0
6100;225185.0;1.1729773E7;766419.0;278914.0
6110;231111.0;1.1802859E7;767209.0;278123.0
6120;225580.0;1.1777576E7;760099.0;280889.0
6130;227951.0;1.186923E7;776296.0;282864.0
6140;224395.0;1.1815502E7;754963.0;278123.0
6150;311309.0;1.1913477E7;766419.0;281284.0
6160;233086.0;1.1442168E7;1045728.0;288395.0
6170;231901.0;1.199802E7;768790.0;320395.0
6180;245334.0;1.7024389E7;833580.0;288395.0
6190;227950.0;1.1958909E7;792099.0;286815.0
6200;240593.0;1.1985378E7;771160.0;282469.0
6210;327506.0;1.1688292E7;1004246.0;285234.0
6220;248098.0;1.1732538E7;781432.0;326321.0
6230;234271.0;1.2234267E7;778272.0;282864.0
6240;232691.0;1.3452637E7;779852.0;282469.0
6250;234271.0;1.2323551E7;777086.0;291160.0
6260;238617.0;1.2419946E7;780246.0;285630.0
6270;307358.0;1.1910712E7;877826.0;287999.0
6280;233482.0;1.2570464E7;789333.0;324346.0
6290;407308.0;1.6250858E7;778271.0;293135.0
6300;239407.0;1.4965722E7;809086.0;290371.0
6310;244939.0;1.2294316E7;791703.0;307753.0
6320;235457.0;1.2919699E7;786567.0;285234.0
6330;252839.0;1.2833575E7;806320.0;286420.0
6340;265087.0;1.3154366E7;836345.0;301037.0
6350;331457.0;1.2346464E7;821728.0;286420.0
6360;239012.0;1.2443649E7;816988.0;358716.0
6370;236642.0;1.3023995E7;801580.0;310913.0
6380;235457.0;1.2807501E7;790519.0;291555.0
6390;237432.0;1.853945E7;799605.0;286814.0
6400;237827.0;1.3391402E7;974617.0;293531.0
6410;248889.0;1.3358217E7;857678.0;287604.0
6420;250469.0;1.3483847E7;818173.0;292346.0
6430;275753.0;1.2895205E7;1176888.0;353580.0
6440;238617.0;1.3034266E7;814222.0;387160.0
6450;239802.0;1.2971846E7;816987.0;289580.0
6460;244543.0;1.299081E7;820148.0;290766.0
6470;329086.0;1.2746267E7;838715.0;297086.0
6480;240593.0;1.3057575E7;809876.0;318420.0
6490;417580.0;1.815624E7;1099456.0;510024.0
6500;254024.0;1.3577871E7;1020444.0;375309.0
6510;425876.0;1.5021822E7;845431.0;387950.0
6520;255605.0;1.5802463E7;836345.0;340148.0
6530;241778.0;1.4612538E7;848198.0;298272.0
6540;241778.0;1.3991501E7;854518.0;296691.0
6550;446025.0;1.5889376E7;837531.0;295901.0
6560;246519.0;1.8123055E7;840691.0;308148.0
6570;257580.0;2.4884138E7;1300543.0;587062.0
6580;321975.0;1.3845328E7;1183605.0;602864.0
6590;243753.0;1.4056685E7;827259.0;297876.0
6600;338568.0;1.3617772E7;1018074.0;301037.0
6610;433777.0;1.3823994E7;969086.0;302222.0
6620;249284.0;1.4608586E7;838321.0;302222.0
6630;331062.0;1.3515451E7;861234.0;303408.0
6640;359111.0;1.4025476E7;849382.0;310518.0
6650;242962.0;1.4159797E7;845432.0;301036.0
6660;312099.0;2.0301029E7;864395.0;306963.0
6670;374518.0;1.4520488E7;972642.0;415605.0
6680;259951.0;1.4618068E7;948148.0;343309.0
6690;257185.0;1.533708E7;1003457.0;416790.0
6700;291555.0;1.4600686E7;856098.0;311309.0
6710;266667.0;1.4420143E7;857283.0;325926.0
6720;249284.0;1.4317821E7;851358.0;310519.0
6730;334618.0;1.4175995E7;864790.0;303802.0
6740;281284.0;1.466113E7;906271.0;326321.0
6750;454320.0;1.8746462E7;1189135.0;551111.0
6760;251259.0;1.4210759E7;860839.0;306568.0
6770;249679.0;1.4252637E7;872691.0;315654.0
6780;250469.0;1.4222217E7;961185.0;384395.0
6790;253234.0;1.4365229E7;854518.0;309728.0
6800;253234.0;1.4416982E7;864000.0;311308.0
6810;252839.0;1.4298858E7;1010172.0;315654.0
6820;255605.0;1.472434E7;859259.0;309728.0
6830;257580.0;1.4699451E7;860839.0;310913.0
6840;473283.0;1.7064684E7;1794369.0;761679.0
6850;251654.0;1.4396043E7;860049.0;312493.0
6860;254815.0;1.4589624E7;862419.0;317234.0
6870;254815.0;1.4732241E7;872691.0;311309.0
6880;376493.0;1.4471895E7;875061.0;313284.0
6890;253234.0;1.4751204E7;875061.0;315259.0
6900;254815.0;1.4722364E7;865185.0;313679.0
6910;276148.0;1.5291253E7;1093136.0;319210.0
6920;258370.0;2.1291054E7;877827.0;318419.0
6930;262716.0;1.6752981E7;896000.0;398222.0
6940;257976.0;1.5373426E7;884938.0;320000.0
6950;270222.0;1.6045426E7;1075358.0;355556.0
6960;258766.0;1.8413424E7;902321.0;325531.0
6970;459062.0;2.0665671E7;1260247.0;350024.0
6980;266667.0;1.7755252E7;1145678.0;591407.0
6990;268247.0;1.6173821E7;913777.0;327506.0
7000;258370.0;2.1356634E7;888099.0;344493.0
7010;334222.0;1.5090957E7;978567.0;319209.0
7020;258371.0;1.5294019E7;883753.0;329481.0
7030;261530.0;1.5559896E7;912988.0;329481.0
7040;257975.0;1.5431895E7;978173.0;352000.0
7050;260345.0;1.5395155E7;887308.0;320395.0
7060;340938.0;1.5233574E7;895210.0;321185.0
7070;259555.0;1.5616389E7;881778.0;332642.0
7080;259555.0;1.5870809E7;890469.0;327506.0
7090;512000.0;1.7131846E7;1340839.0;528198.0
7100;303803.0;1.5654315E7;1108938.0;325136.0
7110;269432.0;1.5949821E7;907457.0;322765.0
7120;313284.0;1.7566807E7;930370.0;334617.0
7130;261926.0;1.629787E7;907456.0;327111.0
7140;314864.0;1.6126808E7;970667.0;327111.0
7150;266666.0;1.6184883E7;913382.0;325926.0
7160;344098.0;1.8787549E7;955259.0;330666.0
7170;465778.0;1.7631203E7;1701135.0;591408.0
7180;314469.0;1.7143302E7;947357.0;330271.0
7190;267456.0;1.7688882E7;933136.0;340938.0
7200;285630.0;1.6438907E7;926025.0;336988.0
7210;269037.0;1.7367302E7;918124.0;335407.0
7220;270618.0;1.6418759E7;941036.0;332642.0
7230;292741.0;1.639466E7;929185.0;343309.0
7240;299457.0;2.5633571E7;919704.0;332642.0
7250;365037.0;1.755377E7;991209.0;334222.0
7260;277334.0;1.7219549E7;950123.0;403358.0
7270;305777.0;1.7679401E7;1135802.0;334618.0
7280;277728.0;1.6794462E7;913382.0;340543.0
7290;278518.0;1.8141227E7;1031901.0;444444.0
7300;285234.0;2.1159893E7;1221531.0;342123.0
7310;285629.0;2.5940138E7;964345.0;345284.0
7320;448790.0;1.7242463E7;1280394.0;908246.0
7330;277333.0;1.6675154E7;955653.0;343309.0
7340;521877.0;1.6989228E7;1121580.0;343309.0
7350;280099.0;1.6902709E7;1252346.0;352395.0
7360;285630.0;1.6880586E7;1037432.0;342913.0
7370;280494.0;1.7174117E7;966716.0;345284.0
7380;290765.0;1.7441968E7;1074963.0;571654.0
7390;301827.0;2.5893915E7;973037.0;350024.0
7400;308939.0;1.7662808E7;1099457.0;357530.0
7410;292741.0;1.735782E7;997135.0;446420.0
7420;278123.0;1.7667154E7;1110518.0;427851.0
7430;329086.0;1.7209277E7;996345.0;371358.0
7440;283259.0;1.7064685E7;940642.0;353975.0
7450;291555.0;1.8681672E7;999111.0;347654.0
7460;283654.0;2.5970162E7;971061.0;348049.0
7470;287999.0;2.480078E7;969086.0;350024.0
7480;293531.0;1.7629228E7;1064691.0;415210.0
7490;295506.0;1.8264091E7;1028345.0;351605.0
7500;287605.0;2.4695299E7;973432.0;361086.0
7510;289975.0;2.4319595E7;971851.0;361087.0
7520;508839.0;3.1736876E7;1279604.0;691358.0
7530;295506.0;1.7816092E7;1372839.0;360297.0
7540;587852.0;2.4240188E7;1135802.0;359111.0
7550;305777.0;1.8697869E7;1422222.0;764839.0
7560;564938.0;2.0162758E7;1331753.0;360296.0
7570;297086.0;2.1595251E7;976592.0;356740.0
7580;293136.0;2.1197424E7;985284.0;379259.0
7590;491851.0;2.4082954E7;1617777.0;670815.0
7600;291556.0;1.8996141E7;993580.0;364642.0
7610;306568.0;1.9459152E7;984099.0;412444.0
7620;302222.0;2.0342905E7;1148839.0;700050.0
7630;500543.0;2.6286606E7;1067061.0;364247.0
7640;298271.0;3.9015096E7;1144888.0;577185.0
7650;567703.0;3.8130948E7;1569185.0;609580.0
7660;303013.0;3.9004824E7;1116444.0;633284.0
7670;1946073.0;3.1061716E7;1064691.0;496197.0
7680;318024.0;2.4774311E7;1038617.0;587062.0
7690;309333.0;2.8917322E7;1238914.0;380840.0
7700;488297.0;1.9467449E7;1063901.0;382815.0
7710;299852.0;2.1279202E7;984099.0;370963.0
7720;493431.0;1.9715547E7;1118815.0;670420.0
7730;524247.0;2.1405227E7;1392197.0;790518.0
7740;327111.0;1.8604634E7;1109728.0;406124.0
7750;303012.0;1.8426857E7;1042963.0;370172.0
7760;295506.0;1.8239203E7;997925.0;370173.0
7770;298272.0;1.8296881E7;1080099.0;370963.0
7780;303012.0;1.8519697E7;995950.0;376889.0
7790;311703.0;2.329283E7;998320.0;385185.0
7800;304197.0;1.8349425E7;986469.0;464197.0
7810;304593.0;1.860661E7;1009778.0;375704.0
7820;314074.0;1.8549326E7;1011357.0;372939.0
7830;304988.0;1.851061E7;1080493.0;372938.0
7840;304197.0;1.8591992E7;1007012.0;372543.0
7850;307753.0;1.8760684E7;1010567.0;382024.0
7860;313283.0;2.4470114E7;1230617.0;429037.0
7870;309333.0;1.87354E7;1003062.0;374123.0
7880;308148.0;1.8770955E7;1029136.0;373728.0
7890;312888.0;1.8981524E7;1029531.0;374913.0
7900;303408.0;1.914903E7;1081679.0;376494.0
7910;309728.0;1.9198413E7;1029531.0;381235.0
7920;305382.0;1.9298363E7;1032295.0;391111.0
7930;308543.0;1.9173129E7;1021235.0;379655.0
7940;308938.0;1.9114264E7;1117234.0;684247.0
7950;304988.0;1.9286906E7;1030715.0;378864.0
7960;314469.0;1.944493E7;1024790.0;380049.0
7970;318815.0;2.0054116E7;1028345.0;389136.0
7980;549136.0;1.9387646E7;1035851.0;387556.0
7990;302222.0;1.92794E7;1018864.0;387160.0
8000;308543.0;1.9391202E7;1027556.0;385185.0
8010;591802.0;2.0933127E7;1553382.0;407704.0
8020;312099.0;1.969461E7;1029135.0;388740.0
8030;308938.0;2.0047399E7;1020049.0;392296.0
8040;305777.0;1.9682363E7;1040197.0;390716.0
8050;320790.0;1.9995646E7;1094716.0;383605.0
8060;310914.0;1.9943893E7;1054815.0;395852.0
8070;314469.0;1.9822214E7;1020444.0;397432.0
8080;736000.0;2.3672089E7;1461728.0;481975.0
8090;310123.0;1.9887795E7;1034271.0;390716.0
8100;311309.0;2.0338165E7;1115654.0;417185.0
8110;333037.0;2.1332534E7;1080888.0;388345.0
8120;319605.0;2.0556634E7;1051259.0;395457.0
8130;312099.0;2.0440091E7;1048888.0;389925.0
8140;324345.0;2.069293E7;1060741.0;438519.0
8150;509235.0;2.1984387E7;1451061.0;899556.0
8160;317629.0;2.123614E7;1204543.0;477235.0
8170;321975.0;2.1011349E7;1330963.0;390716.0
8180;330272.0;2.1503991E7;1091555.0;490667.0
8190;315654.0;2.3169571E7;1406814.0;387950.0
8200;323555.0;2.1891152E7;1456592.0;394272.0
8210;547556.0;2.85191E7;1057975.0;393876.0
8220;389531.0;2.1309621E7;1308839.0;400987.0
8230;332247.0;2.1732732E7;1098666.0;538074.0
8240;347654.0;2.1980831E7;1149629.0;421530.0
8250;323950.0;2.1959102E7;1374419.0;390321.0
8260;329876.0;2.162567E7;1092740.0;399803.0
8270;327111.0;2.7322459E7;1067061.0;392691.0
8280;320395.0;2.1093522E7;1069037.0;397432.0
8290;324345.0;2.1162658E7;1075357.0;402568.0
8300;330272.0;2.3275448E7;1108543.0;404938.0
8310;328691.0;2.2878016E7;1089974.0;400197.0
8320;335407.0;2.2163349E7;1088000.0;403357.0
8330;328691.0;2.5498064E7;1110518.0;535704.0
8340;646321.0;2.364483E7;1492148.0;463803.0
8350;457876.0;2.2530362E7;1084444.0;400197.0
8360;691358.0;2.387199E7;1089975.0;406123.0
8370;545185.0;2.3322855E7;1973332.0;411259.0
8380;420740.0;2.1266165E7;1078518.0;404938.0
8390;323160.0;2.3539348E7;1132642.0;414420.0
8400;411259.0;2.214162E7;1103012.0;404939.0
8410;327111.0;2.1804633E7;1082074.0;402567.0
8420;341333.0;2.1703892E7;1118024.0;399012.0
8430;324345.0;2.3089374E7;1107357.0;399802.0
8440;321580.0;2.2703003E7;1083654.0;399012.0
8450;333827.0;2.8291149E7;1086024.0;396247.0
8460;329481.0;2.2834164E7;3295604.0;958814.0
8470;323160.0;2.2250658E7;1263012.0;401778.0
8480;326321.0;2.2601078E7;1088790.0;427062.0
8490;336197.0;2.3146262E7;1326222.0;420740.0
8500;329086.0;2.2609374E7;1327012.0;404938.0
8510;325136.0;2.8094014E7;1106567.0;412049.0
8520;325530.0;2.1884435E7;1086420.0;402568.0
8530;326715.0;2.1919201E7;1100642.0;403358.0
8540;327901.0;2.3417275E7;1102222.0;406123.0
8550;331457.0;2.2281473E7;1096296.0;404938.0
8560;326716.0;2.2119498E7;1117234.0;405728.0
8570;338568.0;2.2492436E7;1183999.0;406519.0
8580;628938.0;2.3574114E7;1608295.0;406914.0
8590;345678.0;2.2471497E7;1107753.0;408098.0
8600;331852.0;2.239051E7;1208888.0;403358.0
8610;329086.0;2.2505868E7;1134617.0;411259.0
8620;326716.0;2.2726707E7;1111703.0;408098.0
8630;338568.0;2.2629127E7;1400493.0;426271.0
8640;342913.0;2.7000878E7;1118420.0;417580.0
8650;340148.0;2.3164436E7;1122765.0;411259.0
8660;515951.0;2.338646E7;1153185.0;415210.0
8670;339753.0;2.3303892E7;1533234.0;411259.0
8680;332247.0;2.3283349E7;1504790.0;416790.0
8690;334222.0;2.3727398E7;1261037.0;412049.0
8700;331851.0;2.9849272E7;1136592.0;569284.0
8710;400593.0;2.4108632E7;1142123.0;417975.0
8720;332246.0;2.2987448E7;1138568.0;416000.0
8730;329876.0;2.4172632E7;1125135.0;411259.0
8740;336197.0;2.4097176E7;1151999.0;412839.0
8750;350024.0;2.4521867E7;1153580.0;412444.0
8760;363062.0;2.9208878E7;1145284.0;414815.0
8770;348049.0;2.3945472E7;1223506.0;416395.0
8780;337778.0;2.3422805E7;1202568.0;415209.0
8790;336988.0;2.4355941E7;1330173.0;510024.0
8800;336987.0;2.4549916E7;1145679.0;422321.0
8810;343309.0;2.3632188E7;1156740.0;427851.0
8820;579160.0;2.5443546E7;1355456.0;419950.0
8830;342914.0;2.4097176E7;1142123.0;437333.0
8840;350815.0;2.386488E7;1158320.0;418370.0
8850;558617.0;3.1132827E7;1320296.0;425482.0
8860;359506.0;2.7010359E7;1204148.0;429432.0
8870;472099.0;3.9502601E7;1202172.0;421926.0
8880;361481.0;2.5714163E7;1170172.0;419555.0
8890;341728.0;2.386804E7;1156740.0;419161.0
8900;339753.0;2.3906756E7;1167012.0;418766.0
8910;337778.0;2.4467744E7;1163456.0;423111.0
8920;634864.0;2.6299249E7;1168987.0;487901.0
8930;586271.0;2.8507643E7;1615801.0;902321.0
8940;612741.0;3.6361467E7;1425383.0;559012.0
8950;340543.0;2.7612828E7;1190320.0;432592.0
8960;351605.0;2.7687101E7;1337679.0;430222.0
8970;346469.0;2.6500336E7;1168197.0;428247.0
8980;597728.0;3.3321469E7;2079999.0;524641.0
8990;338963.0;2.611673E7;1163456.0;442074.0
9000;362667.0;2.5097471E7;1161876.0;429037.0
9010;359111.0;2.5839002E7;1162272.0;438913.0
9020;353580.0;2.5586558E7;1210073.0;427456.0
9030;348444.0;3.217579E7;1374024.0;427851.0
9040;348049.0;2.5793175E7;1157925.0;422716.0
9050;347259.0;2.6804138E7;1177283.0;424691.0
9060;348839.0;2.6569076E7;1205728.0;423506.0
9070;353581.0;2.6602261E7;1191506.0;432197.0
9080;353185.0;2.6070113E7;1197431.0;530172.0
9090;936691.0;2.691436E7;1827555.0;777876.0
9100;347259.0;2.5031892E7;1189135.0;427061.0
9110;350024.0;2.5003447E7;1223110.0;432592.0
9120;350025.0;2.5814509E7;1230617.0;431802.0
9130;345283.0;2.6174015E7;1181629.0;435358.0
9140;346864.0;3.3209271E7;1195851.0;432198.0
9150;347654.0;2.6092236E7;1520592.0;435358.0
9160;347654.0;2.6443842E7;1187160.0;445234.0
9170;344889.0;2.6684434E7;1193876.0;431407.0
9180;353580.0;2.6324532E7;1626074.0;430617.0
9190;353185.0;2.7023397E7;1195851.0;432198.0
9200;347654.0;2.5671891E7;1208494.0;436938.0
9210;349235.0;2.5807002E7;1205333.0;432987.0
9220;364642.0;2.5868237E7;1466864.0;435753.0
9230;656592.0;2.8404532E7;1306074.0;442468.0
9240;348839.0;2.8761273E7;1205728.0;434963.0
9250;377679.0;4.1119589E7;1254715.0;436148.0
9260;483161.0;3.0427642E7;1322666.0;627753.0
9270;355951.0;2.8153273E7;1215604.0;433383.0
9280;538469.0;2.681994E7;1610666.0;437728.0
9290;353185.0;2.7081076E7;1293431.0;441283.0
9300;486716.0;2.6720779E7;2128987.0;814617.0
9310;355555.0;2.6117915E7;1208098.0;442864.0
9320;360691.0;2.608236E7;1308049.0;435358.0
9330;361877.0;2.6164927E7;1214419.0;435753.0
9340;374518.0;2.636878E7;1225481.0;444444.0
9350;357531.0;3.1136382E7;1208889.0;435753.0
9360;362667.0;2.7435841E7;1325036.0;439308.0
9370;361087.0;2.8420334E7;1223506.0;447605.0
9380;528987.0;2.8666063E7;1886815.0;865580.0
9390;356346.0;2.7672087E7;1244839.0;543605.0
9400;359111.0;3.473974E7;1245234.0;440494.0
9410;360691.0;2.8049372E7;1229827.0;445630.0
9420;364247.0;2.791189E7;1224296.0;447605.0
9430;361086.0;2.6763051E7;1223901.0;521876.0
9440;357531.0;2.6825471E7;1247209.0;444444.0
9450;356741.0;3.1131642E7;1236543.0;444839.0
9460;360296.0;2.7053027E7;1232987.0;442074.0
9470;355950.0;2.7628631E7;1319505.0;446420.0
9480;354766.0;2.8543199E7;1254715.0;451160.0
9490;361481.0;2.8127199E7;1668345.0;443259.0
9500;368197.0;2.9049272E7;1836641.0;446025.0
9510;680296.0;2.8607989E7;1722863.0;948937.0
9520;360691.0;3.1712383E7;1263011.0;476444.0
9530;366223.0;2.893905E7;1551802.0;446419.0
9540;361481.0;2.7452039E7;1260247.0;448395.0
9550;361876.0;2.8013421E7;1246024.0;446025.0
9560;853728.0;2.8724531E7;1773036.0;786567.0
9570;364247.0;2.9021619E7;1256691.0;450370.0
9580;369382.0;2.84551E7;1263012.0;574420.0
9590;361086.0;2.9133815E7;1261037.0;449580.0
9600;372543.0;3.3517814E7;1607505.0;448000.0
9610;363062.0;2.9198211E7;1266172.0;629728.0
9620;368198.0;2.8212927E7;1272493.0;555852.0
9630;364247.0;2.8032384E7;1254715.0;449581.0
9640;366617.0;2.7996039E7;1261036.0;450765.0
9650;365432.0;2.8120088E7;1255111.0;447605.0
9660;365037.0;2.8144977E7;1887209.0;827654.0
9670;411654.0;2.8438507E7;1399703.0;452741.0
9680;371753.0;2.8353569E7;1272889.0;455506.0
9690;369777.0;2.8468137E7;1267753.0;456296.0
9700;381234.0;2.8550309E7;1345580.0;485926.0
9710;374914.0;3.3896678E7;1283160.0;457877.0
9720;370567.0;2.8716236E7;1286716.0;465778.0
9730;371753.0;2.8592582E7;1274863.0;457876.0
9740;365827.0;2.8772729E7;1289481.0;453926.0
9750;382024.0;2.9028334E7;1303308.0;459457.0
9760;383210.0;3.5625467E7;1284740.0;454716.0
9770;376099.0;2.9976482E7;1294617.0;466172.0
9780;387556.0;2.9890753E7;1297382.0;455901.0
9790;370962.0;3.0223396E7;1310024.0;463803.0
9800;379259.0;3.124305E7;1502025.0;458272.0
9810;1434469.0;3.1196038E7;2143999.0;941036.0
9820;371358.0;3.025579E7;1280789.0;474469.0
9830;377284.0;3.3393764E7;1320691.0;463407.0
9840;386765.0;2.970547E7;1323852.0;481580.0
9850;372938.0;3.4493221E7;1286321.0;462222.0
9860;380444.0;2.9368877E7;1286715.0;463407.0
9870;382419.0;3.0120679E7;1296987.0;472099.0
9880;380445.0;3.1037222E7;1362962.0;476050.0
9890;389136.0;3.0628334E7;1649382.0;468148.0
9900;564938.0;3.6726899E7;1296197.0;464988.0
9910;378864.0;3.0948729E7;1302518.0;463407.0
9920;383209.0;3.051258E7;1619358.0;463407.0
9930;423111.0;2.9679395E7;1307654.0;464987.0
9940;374518.0;2.9719692E7;1296987.0;464197.0
9950;387556.0;3.3719691E7;1326616.0;466567.0
9960;375308.0;2.9728778E7;1398123.0;464197.0
9970;376099.0;2.9864285E7;1303308.0;463407.0
9980;378864.0;3.0065766E7;1310814.0;468148.0
9990;378469.0;5.3762349E7;1328197.0;471309.0
10000;378074.0;3.0044433E7;1355456.0;467358.0

