Quick Sort Inplace Random Pivot (Cutoff: 5.0)
Count;Sorted;Reverse;Random;Same
0;0.0;395.0;396.0;6716.0
10;65580.0;24888.0;37135.0;163556.0
20;35951.0;28839.0;4346.0;9482.0
30;36741.0;43457.0;8296.0;7506.0
40;72296.0;68346.0;20148.0;14617.0
50;107852.0;134716.0;30025.0;16988.0
60;90864.0;97580.0;34370.0;27259.0
70;113383.0;119703.0;22914.0;20543.0
80;150124.0;161580.0;34371.0;23704.0
90;301827.0;272592.0;56494.0;39902.0
100;233876.0;233086.0;36345.0;26864.0
110;407308.0;477234.0;48593.0;30024.0
120;330272.0;336987.0;67556.0;65185.0
130;355555.0;446814.0;154074.0;44642.0
140;416000.0;461432.0;56099.0;47407.0
150;927210.0;930765.0;63210.0;50568.0
160;868346.0;6969677.0;99950.0;75457.0
170;403357.0;77827.0;133531.0;163556.0
180;69135.0;143012.0;22914.0;14222.0
190;62420.0;99160.0;27654.0;15408.0
200;74272.0;139062.0;31605.0;29630.0
210;67555.0;173037.0;24889.0;13037.0
220;88099.0;130766.0;35555.0;19753.0
230;89679.0;125234.0;36346.0;20543.0
240;75061.0;85728.0;32790.0;20543.0
250;71506.0;93629.0;24494.0;19753.0
260;65580.0;100741.0;35555.0;14222.0
270;80593.0;100346.0;26074.0;14617.0
280;73876.0;105876.0;28049.0;14222.0
290;75457.0;115358.0;28445.0;15408.0
300;79407.0;120889.0;29235.0;15407.0
310;84148.0;143407.0;29235.0;22123.0
320;87704.0;152099.0;31604.0;16198.0
330;105877.0;159605.0;32790.0;16593.0
340;161975.0;188444.0;35161.0;19753.0
350;127604.0;203457.0;35951.0;24099.0
360;109433.0;173037.0;43852.0;21729.0
370;115753.0;172247.0;35951.0;17778.0
380;113382.0;176988.0;37531.0;18173.0
390;118124.0;189630.0;39111.0;17777.0
400;124049.0;194765.0;39111.0;17778.0
410;126815.0;201087.0;42271.0;21333.0
420;132346.0;230716.0;41482.0;18568.0
430;137481.0;218865.0;42667.0;18568.0
440;142617.0;246914.0;50568.0;18962.0
450;154469.0;239407.0;47803.0;20148.0
460;154864.0;256000.0;44642.0;20938.0
470;158024.0;258370.0;47012.0;23309.0
480;164740.0;271803.0;49777.0;25679.0
490;170271.0;277728.0;49383.0;27260.0
500;176592.0;289186.0;49778.0;28839.0
510;181333.0;295111.0;52543.0;30420.0
520;184099.0;304197.0;52938.0;30025.0
530;190815.0;345678.0;58469.0;29630.0
540;201481.0;376494.0;60444.0;33185.0
550;253629.0;629333.0;63605.0;37531.0
560;215308.0;350025.0;59260.0;33580.0
570;219654.0;357136.0;59654.0;31604.0
580;226765.0;370962.0;59654.0;31209.0
590;227555.0;380839.0;67556.0;31210.0
600;233481.0;393086.0;60445.0;31605.0
610;241383.0;410469.0;62814.0;32000.0
620;246914.0;421135.0;65976.0;32790.0
630;265876.0;428246.0;65975.0;33185.0
640;257580.0;440098.0;66765.0;33185.0
650;268247.0;458666.0;66370.0;32790.0
660;275753.0;464988.0;67951.0;32790.0
670;330271.0;602469.0;75852.0;45433.0
680;348839.0;648691.0;100346.0;52938.0
690;298667.0;504494.0;92839.0;35556.0
700;299851.0;521876.0;82568.0;33580.0
710;307358.0;532543.0;73876.0;34371.0
720;315259.0;548346.0;73876.0;34766.0
730;321185.0;557827.0;77827.0;35556.0
740;335802.0;580741.0;78617.0;35950.0
750;343308.0;587061.0;79802.0;35556.0
760;345679.0;603259.0;79408.0;36346.0
770;353186.0;656593.0;82173.0;37136.0
780;375704.0;640000.0;119309.0;42666.0
790;369383.0;649086.0;89679.0;37136.0
800;388346.0;663309.0;81383.0;37926.0
810;387951.0;675160.0;84938.0;36741.0
820;390716.0;695704.0;90074.0;38321.0
830;547160.0;802370.0;87309.0;42667.0
840;359111.0;804346.0;77037.0;25284.0
850;367012.0;886518.0;77827.0;25284.0
860;412049.0;1006222.0;90074.0;47012.0
870;389531.0;863210.0;81382.0;28444.0
880;396642.0;880593.0;80593.0;27654.0
890;404938.0;904691.0;79407.0;26864.0
900;414025.0;922864.0;82963.0;26864.0
910;421136.0;939851.0;80988.0;27654.0
920;426272.0;960395.0;86123.0;28839.0
930;434962.0;1071802.0;88889.0;31209.0
940;480000.0;1092740.0;107457.0;32395.0
950;452741.0;1022814.0;93629.0;31605.0
960;460247.0;1046123.0;90469.0;32000.0
970;476444.0;1063900.0;88889.0;32790.0
980;479605.0;1088394.0;96395.0;33185.0
990;495012.0;1126321.0;94814.0;34370.0
1000;509234.0;1231407.0;99555.0;35160.0
1010;628543.0;1157926.0;98370.0;37926.0
1020;522271.0;1172148.0;96396.0;37926.0
1030;527407.0;1209283.0;97976.0;37926.0
1040;541629.0;1216000.0;95605.0;37531.0
1050;550715.0;1240493.0;98765.0;37926.0
1060;558618.0;1594468.0;99556.0;43457.0
1070;652247.0;1297777.0;112198.0;44247.0
1080;576395.0;1317925.0;100346.0;38321.0
1090;591802.0;1337283.0;103111.0;39111.0
1100;602074.0;1363753.0;104692.0;38716.0
1110;613926.0;1383505.0;101926.0;39506.0
1120;716641.0;1420247.0;113777.0;47802.0
1130;633679.0;1433284.0;106667.0;40296.0
1140;645135.0;1461728.0;107062.0;40296.0
1150;655407.0;1487012.0;104691.0;40297.0
1160;664889.0;1668740.0;108642.0;42667.0
1170;769975.0;1540345.0;131950.0;58864.0
1180;683456.0;1651753.0;111802.0;41481.0
1190;700049.0;1588147.0;111803.0;43456.0
1200;705580.0;1615802.0;116938.0;42271.0
1210;727703.0;1983999.0;116543.0;42271.0
1220;738765.0;1705876.0;120494.0;45827.0
1230;748246.0;1742221.0;112988.0;43457.0
1240;769185.0;1782913.0;119703.0;45432.0
1250;772345.0;1790024.0;120099.0;44247.0
1260;903901.0;2026665.0;140642.0;75457.0
1270;1781333.0;3851455.0;174222.0;77827.0
1280;851357.0;2016394.0;169876.0;66765.0
1290;915753.0;1868246.0;141432.0;47803.0
1300;829234.0;1893135.0;119703.0;45432.0
1310;841086.0;1923555.0;125235.0;45037.0
1320;854914.0;2006518.0;128395.0;49383.0
1330;1059950.0;1977283.0;155654.0;54519.0
1340;876246.0;2018765.0;123259.0;46222.0
1350;892444.0;2045234.0;132741.0;47802.0
1360;908247.0;2257382.0;130370.0;46222.0
1370;920493.0;2097382.0;220444.0;47407.0
1380;928789.0;2130172.0;133531.0;47013.0
1390;958420.0;2205629.0;137481.0;63605.0
1400;1004247.0;2572246.0;136297.0;47803.0
1410;967901.0;2226171.0;135901.0;47802.0
1420;981333.0;2260543.0;133926.0;47803.0
1430;995555.0;2313481.0;139062.0;49778.0
1440;1162666.0;2322567.0;182124.0;63210.0
1450;1019258.0;2364444.0;141037.0;48988.0
1460;1036247.0;2376295.0;142223.0;48988.0
1470;1080889.0;2746863.0;143012.0;50173.0
1480;1061531.0;2443061.0;139852.0;50568.0
1490;1076148.0;2486122.0;143803.0;50173.0
1500;1088394.0;2691555.0;141827.0;52543.0
1510;1103012.0;2541431.0;228741.0;52148.0
1520;1119209.0;2573431.0;152889.0;50963.0
1530;1130666.0;2640592.0;160395.0;54124.0
1540;1266172.0;2639801.0;186864.0;55703.0
1550;1159901.0;2671406.0;150518.0;51358.0
1560;1172543.0;2718024.0;153679.0;52148.0
1570;1267357.0;2742123.0;178568.0;61234.0
1580;1207308.0;2786370.0;155259.0;52148.0
1590;1216789.0;3101233.0;150913.0;52938.0
1600;1233778.0;2856690.0;159605.0;53728.0
1610;1249580.0;2880394.0;165926.0;53333.0
1620;1263012.0;3312196.0;158815.0;53729.0
1630;1297383.0;2955061.0;159999.0;54914.0
1640;1293827.0;2991012.0;161580.0;58074.0
1650;1338863.0;3430715.0;162765.0;54519.0
1660;1327802.0;3062122.0;166716.0;54914.0
1670;1352296.0;7046318.0;173037.0;54913.0
1680;2149530.0;3152987.0;220049.0;95209.0
1690;1373629.0;3284937.0;169086.0;56099.0
1700;1481481.0;3220147.0;182124.0;64000.0
1710;1415506.0;3248591.0;167506.0;56889.0
1720;1431308.0;3728591.0;172642.0;56494.0
1730;1442370.0;3325628.0;167506.0;57679.0
1740;1461333.0;3448492.0;172247.0;56889.0
1750;1574321.0;3436245.0;180544.0;64000.0
1760;1490962.0;3451258.0;174222.0;57679.0
1770;1624888.0;3763751.0;174617.0;59260.0
1780;1519012.0;3523555.0;185679.0;59654.0
1790;1537580.0;3885036.0;179358.0;58074.0
1800;1553777.0;3597825.0;186074.0;60839.0
1810;1575505.0;3636542.0;186864.0;60049.0
1820;1854024.0;3685529.0;252444.0;64395.0
1830;1607506.0;3723455.0;187259.0;61629.0
1840;1668740.0;4088098.0;185679.0;65580.0
1850;1639110.0;3825381.0;187259.0;64395.0
1860;1656493.0;4266270.0;189630.0;63605.0
1870;1684542.0;3882270.0;192791.0;65580.0
1880;1698764.0;4092838.0;192790.0;68741.0
1890;1747357.0;3980640.0;197135.0;76642.0
1900;1752493.0;4617874.0;197531.0;66371.0
1910;1805431.0;4071110.0;218864.0;69135.0
1920;1861925.0;4507257.0;259950.0;69530.0
1930;1845333.0;5430121.0;209383.0;76642.0
1940;1855604.0;5199011.0;196346.0;70321.0
1950;3096887.0;5727603.0;259555.0;122864.0
1960;2212739.0;4381233.0;201087.0;71901.0
1970;1866666.0;4295505.0;209778.0;72296.0
1980;2257777.0;4453924.0;207012.0;72691.0
1990;1897086.0;4412047.0;204247.0;73482.0
2000;2263308.0;4438121.0;224790.0;79012.0
2010;1933036.0;4474862.0;202272.0;74667.0
2020;2252246.0;4606023.0;229926.0;128395.0
2030;1993085.0;4905085.0;207012.0;82962.0
2040;2076048.0;4789332.0;290766.0;86519.0
2050;2052740.0;5357035.0;203062.0;79012.0
2060;2033382.0;4763652.0;217679.0;79012.0
2070;2066172.0;5466467.0;219259.0;78617.0
2080;2077233.0;4839109.0;227161.0;79407.0
2090;2349036.0;5213232.0;224000.0;82568.0
2100;2126616.0;4938270.0;207802.0;80988.0
2110;2542221.0;5010961.0;264691.0;107852.0
2120;2211555.0;5505578.0;215703.0;87308.0
2130;2239999.0;5047702.0;216099.0;81778.0
2140;2264493.0;5749726.0;225975.0;81382.0
2150;2271999.0;5161875.0;218469.0;81778.0
2160;2643752.0;5196245.0;280888.0;92049.0
2170;2861826.0;1.0703008E7;222815.0;81778.0
2180;2270419.0;5585776.0;227160.0;82963.0
2190;2288987.0;5311208.0;231902.0;85333.0
2200;2315061.0;5886417.0;227161.0;82567.0
2210;2328098.0;5422220.0;229531.0;83358.0
2220;2607011.0;5471208.0;289580.0;97580.0
2230;2375506.0;5923553.0;230716.0;82963.0
2240;2391307.0;5542319.0;236247.0;83358.0
2250;2648492.0;5857578.0;233086.0;82568.0
2260;2441085.0;5837430.0;223999.0;84544.0
2270;2464789.0;5723652.0;237432.0;86519.0
2280;2539456.0;6176393.0;237432.0;84543.0
2290;2500740.0;5884047.0;235062.0;85334.0
2300;2610962.0;5848492.0;252444.0;88889.0
2310;2546962.0;6605429.0;239407.0;84939.0
2320;2572641.0;6041677.0;240593.0;86518.0
2330;2689974.0;5995455.0;240988.0;89679.0
2340;2616493.0;6497577.0;239012.0;87309.0
2350;2638617.0;6269232.0;239407.0;86518.0
2360;2876049.0;1.0861033E7;345679.0;109432.0
2370;2867357.0;6224195.0;362667.0;97976.0
2380;3363159.0;6337973.0;253234.0;88099.0
2390;2788740.0;7053824.0;257975.0;87704.0
2400;2770962.0;6477430.0;261925.0;88889.0
2410;2903307.0;6508640.0;329481.0;92049.0
2420;2932937.0;6993380.0;251259.0;89284.0
2430;2951110.0;7279405.0;246519.0;88494.0
2440;2923060.0;6680096.0;254420.0;126815.0
2450;3105579.0;8574417.0;337383.0;118519.0
2460;3494715.0;7469429.0;256395.0;91655.0
2470;3105184.0;1.08156E7;256395.0;94024.0
2480;3048295.0;7761380.0;265481.0;94024.0
2490;3022222.0;7480491.0;262716.0;92049.0
2500;3006418.0;6968096.0;258766.0;92050.0
2510;3743208.0;9431700.0;296691.0;99555.0
2520;4235060.0;7059355.0;407309.0;148543.0
2530;3186566.0;7122565.0;287605.0;118913.0
2540;3323258.0;7313775.0;260345.0;93630.0
2550;3092147.0;7747552.0;270222.0;95605.0
2560;3115456.0;7616787.0;269827.0;94024.0
2570;3174320.0;7300343.0;273778.0;102321.0
2580;3444937.0;7363948.0;299457.0;95209.0
2590;3551603.0;7496688.0;271012.0;96000.0
2600;3214616.0;8074269.0;268247.0;94419.0
2610;3243851.0;8007108.0;268247.0;95210.0
2620;3303110.0;7732540.0;278913.0;95605.0
2630;3297974.0;7617577.0;362271.0;96000.0
2640;4088493.0;7710417.0;312889.0;95605.0
2650;3638912.0;7865676.0;272988.0;97185.0
2660;5632393.0;1.5678414E7;297481.0;96000.0
2670;4281677.0;8612342.0;452740.0;176197.0
2680;3615208.0;8498564.0;357135.0;129580.0
2690;3448097.0;8443256.0;288000.0;103506.0
2700;3566616.0;8432194.0;296691.0;167506.0
2710;3992097.0;8320787.0;322766.0;103111.0
2720;4367405.0;8360688.0;283260.0;99556.0
2730;4295504.0;9115256.0;289975.0;99160.0
2740;4819356.0;8790910.0;337778.0;100346.0
2750;3920986.0;8489873.0;299457.0;99555.0
2760;3719505.0;9630811.0;298666.0;103112.0
2770;3657480.0;9394169.0;299457.0;143012.0
2780;3922172.0;1.3437624E7;291950.0;100346.0
2790;4154863.0;8804737.0;812247.0;193186.0
2800;3745579.0;8677528.0;383605.0;103506.0
2810;3875554.0;8771157.0;351210.0;128000.0
2820;4099159.0;8805132.0;370173.0;125629.0
2830;4252443.0;8884145.0;323160.0;107852.0
2840;4397035.0;8954070.0;307358.0;101136.0
2850;4376097.0;9043749.0;322370.0;111012.0
2860;4441282.0;9187552.0;307358.0;103111.0
2870;4455109.0;9114466.0;301827.0;101926.0
2880;4532937.0;9186367.0;297086.0;104296.0
2890;4501727.0;9230614.0;308543.0;102321.0
2900;4507653.0;1.2834761E7;304988.0;104692.0
2910;4115357.0;9694416.0;426666.0;184098.0
2920;4048591.0;9958317.0;312493.0;105087.0
2930;4067949.0;9908935.0;307358.0;107457.0
2940;4102715.0;1.0056292E7;313679.0;104691.0
2950;4140641.0;1.0118317E7;311308.0;105086.0
2960;4141431.0;1.0201675E7;318024.0;105086.0
2970;4187258.0;1.042765E7;324345.0;105876.0
2980;4211752.0;1.0335205E7;314469.0;107062.0
2990;4240591.0;1.058133E7;317235.0;106272.0
3000;4257183.0;1.0507452E7;323555.0;109827.0
3010;4291949.0;1.048928E7;320395.0;107457.0
3020;6932935.0;1.2229921E7;332642.0;109432.0
3030;4344097.0;1.0475848E7;412049.0;108247.0
3040;4382418.0;1.0670218E7;342123.0;114173.0
3050;4425480.0;1.0790712E7;334222.0;108642.0
3060;4432591.0;1.0821527E7;332642.0;108642.0
3070;4457084.0;1.0911206E7;330271.0;109828.0
3080;4483554.0;1.1107156E7;334222.0;113382.0
3090;4760097.0;1.0669428E7;323555.0;110222.0
3100;5097480.0;1.0575403E7;336987.0;109827.0
3110;4861233.0;1.0827058E7;433382.0;119703.0
3120;4596936.0;1.1094909E7;416790.0;110222.0
3130;7272688.0;1.3368093E7;334617.0;111802.0
3140;4980936.0;1.0956243E7;339753.0;112988.0
3150;5244838.0;1.0905675E7;352790.0;112592.0
3160;4820937.0;1.132681E7;384790.0;229136.0
3170;4747455.0;1.1649181E7;352395.0;119309.0
3180;4785381.0;1.1752687E7;346469.0;112988.0
3190;4815011.0;1.1749922E7;342518.0;113777.0
3200;5390615.0;1.1283354E7;342518.0;113383.0
3210;5127899.0;1.1603354E7;534124.0;124444.0
3220;4897973.0;1.1935205E7;346469.0;115358.0
3230;4938665.0;1.7770264E7;347259.0;115358.0
3240;5082072.0;1.2037921E7;407309.0;175012.0
3250;5013331.0;1.2168291E7;363851.0;115358.0
3260;5042566.0;1.225481E7;350815.0;114173.0
3270;5469627.0;1.1853428E7;352790.0;114963.0
3280;5360590.0;1.2181724E7;393876.0;123654.0
3290;5105776.0;1.2359502E7;361086.0;115753.0
3300;5144096.0;1.2670019E7;352000.0;116938.0
3310;5580244.0;1.2104292E7;353581.0;114963.0
3320;5295011.0;1.2724144E7;365827.0;166716.0
3330;7734911.0;1.2890069E7;658568.0;227950.0
3340;5965034.0;1.2609575E7;360691.0;121284.0
3350;5304492.0;1.2871896E7;345679.0;208988.0
3360;5331751.0;1.3022019E7;387160.0;117728.0
3370;5942121.0;1.3172143E7;360691.0;118123.0
3380;5385479.0;1.3122365E7;369777.0;119308.0
3390;5423405.0;1.3261032E7;359901.0;123655.0
3400;6020343.0;1.285965E7;367012.0;118123.0
3410;5517825.0;1.3330562E7;371753.0;127209.0
3420;6366022.0;1.8219449E7;361086.0;119704.0
3430;5595257.0;1.3718908E7;370567.0;137086.0
3440;5805825.0;1.3129476E7;372148.0;121679.0
3450;5788047.0;1.3638711E7;441284.0;121679.0
3460;5655306.0;1.3745377E7;383605.0;120494.0
3470;6257380.0;1.340997E7;378864.0;120494.0
3480;5713775.0;1.3847303E7;386765.0;122469.0
3490;5942121.0;1.379476E7;380444.0;122864.0
3500;5888393.0;1.9455993E7;450370.0;128000.0
3510;6375503.0;1.3846513E7;389136.0;122469.0
3520;5854022.0;1.4217871E7;381234.0;124049.0
3530;6296096.0;1.3834661E7;393086.0;123654.0
3540;5984788.0;1.4260932E7;382419.0;125234.0
3550;5939751.0;1.4426858E7;391111.0;129186.0
3560;6267256.0;1.4431995E7;476050.0;125234.0
3570;6017182.0;1.4620044E7;385975.0;124840.0
3580;6682467.0;1.4700241E7;389530.0;124049.0
3590;9798712.0;1.4606217E7;595753.0;147753.0
3600;6105282.0;1.4815204E7;399803.0;127605.0
3610;6541429.0;1.4627155E7;381235.0;127605.0
3620;6172837.0;1.4967698E7;398222.0;130765.0
3630;6610170.0;1.5026167E7;398222.0;132740.0
3640;6266467.0;1.5069624E7;390716.0;225581.0
3650;6707356.0;1.5002858E7;410074.0;129975.0
3660;6311503.0;1.710261E7;402568.0;131951.0
3670;7085429.0;1.5405426E7;648691.0;282865.0
3680;6902516.0;1.5331944E7;401778.0;136296.0
3690;6411849.0;1.5598216E7;410074.0;139852.0
3700;7049478.0;1.5568981E7;404148.0;139457.0
3710;6489281.0;1.5811944E7;402568.0;136296.0
3720;6825478.0;1.5749525E7;457876.0;141432.0
3730;6746072.0;1.5799303E7;414420.0;140642.0
3740;6568689.0;2.1613819E7;414024.0;140246.0
3750;6627948.0;1.600987E7;499358.0;144197.0
3760;7208689.0;1.6066364E7;415604.0;141432.0
3770;6746072.0;1.6281672E7;417185.0;140247.0
3780;6846417.0;1.6336981E7;498963.0;148543.0
3790;7403849.0;1.6774315E7;424692.0;143407.0
3800;6950713.0;1.6804339E7;452346.0;161580.0
3810;7002466.0;2.1642263E7;452740.0;250469.0
3820;6974417.0;1.6652636E7;561383.0;186864.0
3830;7333923.0;1.8209968E7;425481.0;146173.0
3840;7402268.0;1.7432487E7;413629.0;154074.0
3850;7071207.0;1.7458956E7;417580.0;151309.0
3860;7546466.0;1.7217179E7;527407.0;172642.0
3870;7824984.0;1.7211647E7;446024.0;149728.0
3880;7267553.0;2.3868435E7;426667.0;158815.0
3890;7735306.0;1.7397327E7;440099.0;154074.0
3900;7241478.0;1.774577E7;444839.0;156049.0
3910;7367898.0;1.7623697E7;438518.0;155655.0
3920;8170268.0;1.7677031E7;434963.0;155654.0
3930;7870812.0;1.7824783E7;442469.0;160395.0
3940;7341824.0;1.7874955E7;441284.0;158025.0
3950;7323652.0;2.2980337E7;440494.0;159605.0
3960;7361182.0;1.7849277E7;435358.0;160395.0
3970;7492343.0;1.7856783E7;464197.0;208197.0
3980;8065577.0;1.7971351E7;437729.0;160790.0
3990;7950614.0;1.796108E7;445629.0;163161.0
4000;7557923.0;1.8388536E7;442469.0;163555.0
4010;7551602.0;1.835298E7;436148.0;166321.0
4020;7697380.0;2.4560583E7;453530.0;183308.0
4030;7708836.0;1.9099251E7;442074.0;165926.0
4040;7729775.0;1.8779252E7;532938.0;167111.0
4050;7913083.0;1.8588437E7;459061.0;176593.0
4060;8341725.0;1.8710906E7;457876.0;168692.0
4070;8419157.0;1.8761079E7;456296.0;169876.0
4080;8439305.0;2.319288E7;445630.0;175802.0
4090;8477231.0;1.8944782E7;444840.0;174222.0
4100;8974614.0;1.8991795E7;450765.0;173037.0
4110;8368194.0;1.9102017E7;460642.0;171457.0
4120;8374120.0;1.9240684E7;458271.0;171457.0
4130;8364244.0;1.9307845E7;459061.0;176197.0
4140;8047405.0;1.9894511E7;460247.0;172247.0
4150;1.148365E7;2.4366608E7;472098.0;180148.0
4160;9947650.0;2.2750806E7;476839.0;177383.0
4170;9258268.0;2.2498361E7;515160.0;211753.0
4180;8302614.0;2.0658954E7;467358.0;176592.0
4190;8229923.0;2.0315646E7;461431.0;173827.0
4200;8320391.0;2.5957521E7;464197.0;180148.0
4210;8935107.0;2.0009474E7;471308.0;176197.0
4220;8978565.0;2.0266659E7;465382.0;176987.0
4230;9175700.0;2.020582E7;478025.0;178963.0
4240;9084836.0;2.0338165E7;491061.0;176198.0
4250;9134219.0;2.0419942E7;467753.0;174222.0
4260;9189132.0;2.6037323E7;466962.0;174617.0
4270;8847009.0;2.1992683E7;459456.0;184098.0
4280;8739157.0;2.197609E7;483950.0;176197.0
4290;9300540.0;2.1552584E7;478420.0;176198.0
4300;9344787.0;2.1285917E7;465777.0;176593.0
4310;9618959.0;2.1521769E7;473284.0;176198.0
4320;1.2952094E7;2.2753572E7;472889.0;177778.0
4330;8774318.0;2.1628831E7;491852.0;196741.0
4340;8859650.0;2.1587744E7;470913.0;178172.0
4350;9320293.0;2.1402065E7;474074.0;180148.0
4360;9426169.0;2.1482658E7;473679.0;181333.0
4370;9554959.0;2.1545473E7;477630.0;183703.0
4380;1.2301427E7;2.3472978E7;771555.0;313679.0
4390;9912885.0;2.2043645E7;478024.0;189235.0
4400;9846119.0;2.2236436E7;502518.0;180543.0
4410;1.0034959E7;2.2322164E7;493827.0;198321.0
4420;9218762.0;2.293767E7;505678.0;279703.0
4430;9218366.0;2.8986457E7;504493.0;184494.0
4440;9835848.0;2.2305176E7;493827.0;181728.0
4450;9366120.0;2.2868929E7;493827.0;197531.0
4460;9378367.0;2.26153E7;493827.0;182123.0
4470;9881280.0;2.2554066E7;510025.0;182518.0
4480;1.0120687E7;2.8878211E7;489877.0;184889.0
4490;9831898.0;2.2863003E7;490272.0;184889.0
4500;1.0064588E7;2.2810855E7;498963.0;183704.0
4510;1.0179156E7;2.3058953E7;504888.0;186864.0
4520;9645034.0;2.4174607E7;510025.0;190814.0
4530;1.0079996E7;3.0830605E7;514765.0;188445.0
4540;9667552.0;2.3973521E7;590222.0;186864.0
4550;1.0140045E7;2.344888E7;504494.0;184494.0
4560;1.0346267E7;2.3744385E7;504889.0;185284.0
4570;9760391.0;2.4118114E7;525827.0;186864.0
4580;1.0270021E7;2.6488879E7;543209.0;185284.0
4590;9965033.0;2.3969571E7;620246.0;390321.0
4600;1.0545379E7;2.3755052E7;516345.0;186074.0
4610;1.0068145E7;2.4353966E7;621827.0;195556.0
4620;1.0275947E7;2.4050558E7;514765.0;187654.0
4630;1.0676934E7;2.4215299E7;523061.0;195160.0
4640;1.4462019E7;2.4262312E7;522666.0;188444.0
4650;1.0802168E7;2.441204E7;517135.0;190420.0
4660;1.0284243E7;2.4910607E7;525037.0;190420.0
4670;1.0841674E7;2.4526607E7;523456.0;192790.0
4680;1.0353379E7;2.6163348E7;655407.0;247704.0
4690;1.4466364E7;2.6160583E7;927605.0;397037.0
4700;1.1102415E7;2.5438015E7;548346.0;194765.0
4710;1.0606218E7;2.6569076E7;619457.0;266666.0
4720;1.1786267E7;2.6458459E7;525432.0;192395.0
4730;1.0653626E7;3.1410951E7;526222.0;195555.0
4740;1.0592786E7;2.5883644E7;534914.0;196345.0
4750;1.1127699E7;2.5448286E7;529778.0;191605.0
4760;1.0669428E7;2.6154657E7;550716.0;199506.0
4770;1.1225674E7;2.6235249E7;532148.0;192790.0
4780;1.2777082E7;2.8910211E7;540049.0;197531.0
4790;1.0789131E7;2.6392483E7;559012.0;197530.0
4800;1.1652736E7;2.6007298E7;554666.0;195161.0
4810;1.09436E7;2.6530755E7;550716.0;197135.0
4820;1.1541329E7;2.7488384E7;556642.0;193580.0
4830;1.4298068E7;2.6502311E7;691753.0;320790.0
4840;1.1149428E7;2.6747644E7;553086.0;196345.0
4850;1.177481E7;2.7290063E7;564148.0;194370.0
4860;1.1508934E7;3.0290556E7;557432.0;202667.0
4870;1.1507353E7;3.2259543E7;546370.0;275753.0
4880;1.1562267E7;2.6725916E7;545580.0;197136.0
4890;1.1500637E7;2.7358014E7;608790.0;197926.0
4900;1.187239E7;2.7282557E7;546766.0;195950.0
4910;1.1578465E7;2.7253323E7;551901.0;200691.0
4920;1.3144489E7;2.7298359E7;1406419.0;427851.0
4930;1.1617971E7;2.7954557E7;694914.0;206223.0
4940;1.2122464E7;2.8033569E7;571259.0;197531.0
4950;1.1939156E7;2.7900433E7;561382.0;198716.0
4960;1.1560687E7;3.4312678E7;566123.0;203061.0
4970;1.1652736E7;2.81031E7;568494.0;201481.0
4980;1.2184094E7;2.839663E7;576395.0;201087.0
4990;1.2387551E7;2.8358705E7;566519.0;199901.0
5000;1.2161576E7;2.9330161E7;543605.0;203062.0
5010;1.4199303E7;2.8344877E7;939061.0;439308.0
5020;1.2490662E7;2.8888088E7;580345.0;206222.0
5030;1.2373723E7;2.877194E7;586666.0;224395.0
5040;1.2063995E7;2.9520581E7;749037.0;268641.0
5050;1.5779549E7;3.4575789E7;575605.0;202272.0
5060;1.2538069E7;2.8946952E7;562173.0;213333.0
5070;1.2078612E7;3.2564926E7;576395.0;205037.0
5080;1.2218069E7;2.9442754E7;572839.0;204642.0
5090;1.231723E7;3.6363837E7;753778.0;211753.0
5100;1.2576785E7;2.9305667E7;589827.0;203852.0
5110;1.2329872E7;2.9556136E7;584296.0;229136.0
5120;1.2288785E7;3.0061816E7;725728.0;221235.0
5130;1.3054019E7;3.6329467E7;560987.0;211358.0
5140;1.2589032E7;2.9665964E7;583111.0;216494.0
5150;1.2525427E7;3.0094211E7;593382.0;217284.0
5160;1.2500933E7;3.044463E7;701629.0;216889.0
5170;1.2849773E7;3.6906652E7;655407.0;209382.0
5180;1.3113674E7;3.0492433E7;609185.0;209383.0
5190;1.3215995E7;3.0490457E7;598123.0;207802.0
5200;1.3105773E7;3.0467149E7;585087.0;211753.0
5210;1.312355E7;3.7520183E7;601284.0;216494.0
5220;1.3411945E7;3.092542E7;577975.0;209383.0
5230;1.3356636E7;3.0948729E7;591802.0;207803.0
5240;1.3423402E7;3.1493914E7;591012.0;210173.0
5250;1.357313E7;3.7107343E7;589432.0;207407.0
5260;1.3428538E7;3.3507938E7;913777.0;239803.0
5270;1.4202859E7;3.490369E7;615111.0;213333.0
5280;1.5094512E7;3.234369E7;681086.0;209778.0
5290;1.5509722E7;3.5147047E7;603259.0;214123.0
5300;1.3550216E7;3.1804037E7;609975.0;212543.0
5310;1.3869031E7;3.5410554E7;613530.0;224395.0
5320;1.4864192E7;3.3446308E7;848987.0;395456.0
5330;1.6349623E7;3.2963147E7;825679.0;429827.0
5340;1.3912093E7;3.240453E7;628543.0;211358.0
5350;1.4068538E7;3.2464185E7;596543.0;211358.0
5360;1.4144784E7;3.9630997E7;608000.0;213729.0
5370;1.3966217E7;3.2623395E7;610370.0;214123.0
5380;1.3956735E7;3.4244332E7;613531.0;216493.0
5390;1.4225772E7;3.3604333E7;615506.0;213333.0
5400;1.431308E7;3.8863392E7;606025.0;212543.0
5410;1.4156636E7;3.3143295E7;630518.0;215703.0
5420;1.4393278E7;3.3289863E7;627358.0;214914.0
5430;1.4495204E7;3.3478308E7;643160.0;212543.0
5440;2.2724731E7;3.3641073E7;699654.0;217679.0
5450;1.4606612E7;3.5664579E7;609580.0;221234.0
5460;1.4158611E7;3.3859542E7;669629.0;289185.0
5470;1.4521673E7;3.9221318E7;631308.0;218864.0
5480;1.4593179E7;3.503169E7;751802.0;219654.0
5490;1.4917129E7;3.4968876E7;649481.0;223605.0
5500;1.5264784E7;3.4856678E7;631703.0;215704.0
5510;1.4503105E7;3.9295194E7;765234.0;222420.0
5520;1.4858661E7;3.4874456E7;621432.0;218864.0
5530;1.4479797E7;3.5008776E7;928395.0;222420.0
5540;1.4977574E7;3.5518406E7;625383.0;217679.0
5550;1.4904488E7;3.5079887E7;1516246.0;722173.0
5560;1.4935303E7;3.5629023E7;651061.0;217283.0
5570;1.5352882E7;3.5555936E7;645136.0;219654.0
5580;1.5037229E7;4.0709515E7;640000.0;220839.0
5590;1.5459945E7;3.6457072E7;681481.0;224790.0
5600;1.5372636E7;3.6494208E7;752593.0;220444.0
5610;1.5516044E7;3.6935491E7;645531.0;224000.0
5620;1.7942511E7;3.5913072E7;939851.0;353185.0
5630;1.5365525E7;3.5737665E7;653432.0;236642.0
5640;1.5450068E7;3.7411146E7;638419.0;222419.0
5650;1.6517919E7;4.7452425E7;743901.0;257975.0
5660;1.662103E7;3.955475E7;654222.0;225185.0
5670;1.600592E7;3.6563344E7;748642.0;271407.0
5680;1.5668932E7;4.260581E7;656592.0;222814.0
5690;1.5715154E7;3.6853713E7;650271.0;318025.0
5700;1.5423994E7;3.6945763E7;799210.0;260740.0
5710;1.588029E7;3.6912578E7;659753.0;224395.0
5720;2.3768879E7;3.7134997E7;966716.0;267457.0
5730;1.5769672E7;3.7255887E7;670025.0;225975.0
5740;1.6079796E7;3.7726009E7;687012.0;223210.0
5750;2.0862016E7;4.398181E7;651852.0;224395.0
5760;1.6822907E7;3.9532627E7;650667.0;284839.0
5770;1.61035E7;3.7981219E7;665679.0;231901.0
5780;1.5853426E7;4.3124132E7;832000.0;226370.0
5790;1.6302216E7;3.8002553E7;725728.0;235457.0
5800;1.642745E7;3.8257763E7;665284.0;231506.0
5810;1.6271401E7;4.4539636E7;666073.0;229926.0
5820;1.6345673E7;3.8459244E7;677135.0;231506.0
5830;1.6318018E7;3.8266454E7;798419.0;228346.0
5840;1.6575204E7;3.9093713E7;672000.0;229926.0
5850;1.7803845E7;3.9243441E7;1133826.0;438914.0
5860;1.6640388E7;3.8924626E7;756938.0;229530.0
5870;1.6540043E7;3.9329565E7;668840.0;229531.0
5880;2.1050856E7;3.9376972E7;863210.0;228346.0
5890;1.6593771E7;3.919722E7;709926.0;229136.0
5900;1.6823302E7;3.9728972E7;714666.0;240988.0
5910;1.8135697E7;4.3035242E7;762864.0;230716.0
5920;1.6916932E7;4.0052922E7;700049.0;230716.0
5930;1.7124339E7;4.0175786E7;699259.0;232296.0
5940;1.6953277E7;4.6997709E7;679901.0;232297.0
5950;1.7253129E7;4.1349119E7;711506.0;239803.0
5960;1.7099846E7;4.0103491E7;675950.0;235062.0
5970;1.7011351E7;4.6990599E7;685037.0;239012.0
5980;1.7291055E7;4.0786156E7;687802.0;239013.0
5990;1.7120783E7;4.0447589E7;703605.0;235852.0
6000;1.742024E7;4.6305562E7;674765.0;273778.0
6010;1.7285129E7;4.1160675E7;687803.0;237036.0
6020;1.7367697E7;4.0877021E7;688987.0;242173.0
6030;1.7370463E7;4.5658451E7;700445.0;239408.0
6040;1.758182E7;4.1525712E7;797234.0;244938.0
6050;1.7909326E7;4.1677811E7;688592.0;237432.0
6060;1.7590907E7;4.8208969E7;679901.0;240987.0
6070;1.7808585E7;4.1992279E7;709531.0;237432.0
6080;1.7946462E7;4.2387342E7;715457.0;237827.0
6090;1.7918018E7;4.6703784E7;693728.0;239408.0
6100;1.7758017E7;4.2015983E7;792494.0;285630.0
6110;1.7788042E7;4.263702E7;839505.0;292740.0
6120;1.8097376E7;4.8093215E7;700840.0;242568.0
6130;1.9254511E7;4.5848081E7;730074.0;240197.0
6140;2.1409177E7;4.7155734E7;864395.0;250469.0
6150;1.8378264E7;4.8332227E7;734814.0;239408.0
6160;1.8466363E7;4.2898156E7;715062.0;243358.0
6170;1.8516536E7;4.2844428E7;718222.0;242567.0
6180;1.8457277E7;4.9055981E7;874666.0;241382.0
6190;1.8833375E7;4.3597415E7;722173.0;242172.0
6200;1.8633079E7;4.3647193E7;712691.0;241382.0
6210;2.4047793E7;4.4170649E7;704000.0;244148.0
6220;1.857619E7;4.3875538E7;751802.0;244543.0
6230;1.8686807E7;4.6012031E7;700444.0;242173.0
6240;2.3796534E7;4.3818254E7;734025.0;244938.0
6250;1.8649672E7;4.4167093E7;723358.0;301037.0
6260;1.8899746E7;4.4432575E7;764049.0;251654.0
6270;2.4812238E7;4.4089267E7;801580.0;243753.0
6280;1.880256E7;4.9643437E7;843456.0;268246.0
6290;2.078814E7;5.2581905E7;753778.0;335408.0
6300;1.9139548E7;4.5050057E7;714272.0;244148.0
6310;1.9241079E7;4.4952081E7;744296.0;244939.0
6320;1.9299943E7;5.00784E7;908641.0;243358.0
6330;1.9277029E7;4.5669118E7;727703.0;248099.0
6340;1.9855795E7;4.5150402E7;739950.0;244543.0
6350;2.1400881E7;4.6965315E7;737975.0;247309.0
6360;2.0022511E7;4.5313168E7;743901.0;244148.0
6370;1.9900436E7;4.7445315E7;752198.0;248494.0
6380;2.476957E7;4.6134106E7;736000.0;252444.0
6390;1.9632189E7;4.6177957E7;730469.0;248494.0
6400;2.0429819E7;5.3433658E7;818962.0;254420.0
6410;1.9756634E7;4.6853512E7;819752.0;246913.0
6420;1.9586758E7;4.6743685E7;772740.0;261531.0
6430;1.9879499E7;5.3294992E7;739555.0;246914.0
6440;1.9864091E7;4.7176672E7;764444.0;247704.0
6450;2.0287202E7;4.7187339E7;747851.0;250074.0
6460;2.5936187E7;5.3757213E7;755752.0;257976.0
6470;2.2409078E7;4.8881758E7;878222.0;287605.0
6480;2.0923646E7;5.4593558E7;762073.0;258370.0
6490;2.0090461E7;4.7650746E7;749826.0;250469.0
6500;2.0577967E7;4.7467438E7;742716.0;250864.0
6510;2.1261424E7;5.2501313E7;777481.0;250469.0
6520;2.0252831E7;4.8169068E7;767999.0;254814.0
6530;2.0793671E7;4.8173413E7;770370.0;251259.0
6540;2.2317028E7;4.8311684E7;1052049.0;450765.0
6550;2.0494214E7;4.8739536E7;751012.0;252049.0
6560;2.104335E7;5.4544571E7;746271.0;258370.0
6570;2.1402065E7;4.962408E7;779851.0;255604.0
6580;2.1549819E7;4.9811338E7;764839.0;301037.0
6590;2.5739842E7;4.9254302E7;790914.0;312494.0
6600;2.1056387E7;4.9432474E7;772740.0;258765.0
6610;2.1200584E7;5.6852521E7;777876.0;254815.0
6620;2.1261424E7;5.0544968E7;831209.0;258765.0
6630;2.1430115E7;5.023603E7;790518.0;256790.0
6640;2.7407397E7;4.99824E7;783407.0;257580.0
6650;2.124167E7;5.0448572E7;795654.0;254024.0
6660;2.1225078E7;5.6340916E7;785382.0;258370.0
6670;2.1409177E7;5.2876226E7;779851.0;257975.0
6680;2.1420239E7;5.065835E7;779851.0;256395.0
6690;2.1365325E7;5.6543187E7;917333.0;325136.0
6700;2.1481868E7;5.0959782E7;805135.0;263506.0
6710;2.1675843E7;5.6935089E7;839111.0;258765.0
6720;2.161935E7;5.1241066E7;784593.0;265086.0
6730;2.158814E7;5.1398301E7;910617.0;347655.0
6740;2.1849275E7;6.3780716E7;818568.0;265481.0
6750;2.271051E7;5.177756E7;842271.0;262716.0
6760;2.2413818E7;5.7345162E7;794469.0;259160.0
6770;2.2460436E7;5.20063E7;881383.0;257975.0
6780;2.2951102E7;5.2792868E7;789728.0;259161.0
6790;2.7565026E7;5.2011832E7;817382.0;259555.0
6800;2.2482164E7;5.434625E7;800790.0;342913.0
6810;2.371041E7;6.3651135E7;809877.0;270223.0
6820;2.2592386E7;5.2330251E7;1013333.0;265087.0
6830;2.262004E7;5.5384472E7;802765.0;265087.0
6840;2.2870114E7;5.3201757E7;803160.0;348444.0
6850;2.30633E7;5.3209263E7;808691.0;264296.0
6860;2.3950212E7;5.7752867E7;798419.0;261136.0
6870;2.2493226E7;5.3330942E7;816592.0;262716.0
6880;2.2734609E7;5.9310199E7;785382.0;278519.0
6890;2.3165621E7;5.3658053E7;826074.0;263111.0
6900;2.3232781E7;5.3828719E7;886914.0;268246.0
6910;2.470241E7;5.3929856E7;1134616.0;479605.0
6920;2.2860633E7;5.4123831E7;827654.0;337778.0
6930;2.2964534E7;6.2948715E7;802370.0;272197.0
6940;2.4840287E7;5.4925805E7;868741.0;266667.0
6950;2.2959399E7;6.1813309E7;810271.0;318025.0
6960;2.3529077E7;5.4859435E7;806321.0;269827.0
6970;2.3639695E7;5.4928571E7;824889.0;266666.0
6980;2.8305372E7;5.5465855E7;869926.0;276543.0
6990;2.4303398E7;5.5801262E7;844641.0;268642.0
7000;2.4698459E7;6.3550395E7;847802.0;265482.0
7010;2.4935892E7;6.345163E7;840296.0;269827.0
7020;2.6441866E7;6.6550887E7;852543.0;268247.0
7030;2.3877522E7;5.623662E7;824889.0;271407.0
7040;2.4645916E7;6.3474938E7;835160.0;272592.0
7050;2.3942706E7;5.6728471E7;834370.0;273382.0
7060;2.4314459E7;5.611178E7;903505.0;272198.0
7070;2.4020533E7;5.6538841E7;1679011.0;617086.0
7080;2.4477225E7;5.6958397E7;824888.0;272592.0
7090;2.8257964E7;5.7275237E7;972641.0;356345.0
7100;2.4488286E7;5.6768372E7;871506.0;274568.0
7110;2.3916632E7;6.3718296E7;965135.0;285234.0
7120;2.4668435E7;5.7372422E7;910221.0;273777.0
7130;2.425915E7;6.3121753E7;839901.0;273382.0
7140;2.4265077E7;5.8560767E7;918913.0;280494.0
7150;2.6546557E7;6.5757209E7;849778.0;283260.0
7160;2.5208484E7;5.7961854E7;819753.0;278123.0
7170;2.4524633E7;5.8435533E7;905876.0;280098.0
7180;3.0341124E7;5.8234841E7;890864.0;276939.0
7190;2.4523842E7;5.9042347E7;846617.0;277728.0
7200;3.1096087E7;5.91581E7;828839.0;287605.0
7210;2.5161077E7;5.8423286E7;828049.0;284444.0
7220;2.4775497E7;6.4558196E7;926420.0;292741.0
7230;2.5144089E7;5.9196816E7;869530.0;280099.0
7240;2.5435249E7;6.5247579E7;857679.0;278123.0
7250;2.5680187E7;5.9339038E7;882568.0;280494.0
7260;2.5268928E7;6.6235628E7;1001876.0;295506.0
7270;2.5226657E7;5.9880667E7;1058765.0;286815.0
7280;2.5820435E7;6.6361258E7;863209.0;284840.0
7290;2.5830311E7;6.0368964E7;868345.0;284444.0
7300;2.5402064E7;6.069805E7;866765.0;291951.0
7310;2.9618556E7;6.0585458E7;1440000.0;291555.0
7320;2.5689669E7;6.0968667E7;872296.0;291160.0
7330;3.0969272E7;6.1095877E7;870716.0;290765.0
7340;2.6209175E7;6.0878988E7;877827.0;289185.0
7350;2.5740632E7;6.4374888E7;879408.0;290765.0
7360;2.6101718E7;6.092126E7;868345.0;296296.0
7370;2.6028236E7;6.6335579E7;872296.0;322766.0
7380;2.5878508E7;6.1754049E7;876641.0;325926.0
7390;2.6217076E7;6.7479282E7;890864.0;293531.0
7400;2.5933027E7;6.2068123E7;1235752.0;534913.0
7410;2.6014804E7;7.1781898E7;943012.0;292345.0
7420;2.7548828E7;6.2234049E7;890864.0;298667.0
7430;2.6154261E7;6.6924616E7;867555.0;311309.0
7440;2.6602656E7;6.2432765E7;858864.0;298271.0
7450;2.6248286E7;6.961696E7;882173.0;361482.0
7460;2.6895397E7;6.2959382E7;877036.0;303012.0
7470;2.6825866E7;6.8882541E7;877827.0;298272.0
7480;2.7123347E7;6.3279382E7;891258.0;298271.0
7490;2.7111495E7;6.9218738E7;867556.0;321185.0
7500;2.7559101E7;6.3866444E7;873087.0;307753.0
7510;2.7209866E7;6.9627232E7;886914.0;309333.0
7520;2.6748434E7;6.4215283E7;1041382.0;400593.0
7530;2.6953471E7;7.11257E7;1089975.0;301827.0
7540;2.8388334E7;6.8765998E7;1012147.0;321975.0
7550;2.8416384E7;7.3061897E7;982123.0;365827.0
7560;2.7578853E7;6.5203728E7;905086.0;305778.0
7570;3.4520876E7;6.5053603E7;917333.0;307753.0
7580;2.7498261E7;6.5278789E7;1115259.0;307753.0
7590;3.3176085E7;6.695543E7;960395.0;312888.0
7600;2.7981026E7;6.5611036E7;912197.0;313284.0
7610;3.92707E7;6.5684517E7;945383.0;308938.0
7620;2.803752E7;6.5879283E7;898370.0;313679.0
7630;3.031584E7;6.611869E7;1577085.0;602864.0
7640;2.7768087E7;7.1804811E7;1030716.0;498963.0
7650;2.8301421E7;6.6396023E7;912987.0;312494.0
7660;2.8470507E7;7.2165897E7;908642.0;321581.0
7670;2.8338952E7;6.640906E7;893234.0;313679.0
7680;2.9093519E7;7.401123E7;947358.0;319210.0
7690;2.8228334E7;6.6741307E7;916148.0;317235.0
7700;2.8931149E7;7.3404021E7;926024.0;337778.0
7710;4.7502203E7;8.2067326E7;948937.0;427062.0
7720;5.3730744E7;9.5748703E7;980542.0;327111.0
7730;3.2058061E7;7.8966093E7;949333.0;443259.0
7740;2.7913076E7;7.4663872E7;903111.0;321580.0
7750;3.0708926E7;8.5712954E7;1035061.0;389926.0
7760;2.922547E7;6.7857356E7;902716.0;325925.0
7770;4.0366206E7;8.5454189E7;1274863.0;409678.0
7780;2.9146063E7;7.2668415E7;911802.0;325531.0
7790;2.9071001E7;6.7028121E7;946962.0;341728.0
7800;2.8678705E7;7.9979425E7;936296.0;322765.0
7810;2.8864384E7;6.7123331E7;912592.0;327901.0
7820;2.9163446E7;7.5809551E7;948542.0;327111.0
7830;3.0096581E7;7.2039478E7;953679.0;333037.0
7840;3.0765025E7;7.4221008E7;960395.0;333036.0
7850;3.3742604E7;7.3789601E7;996740.0;358716.0
7860;3.8199293E7;9.0788705E7;997531.0;593777.0
7870;4.3186946E7;1.20783359E8;1178074.0;402172.0
7880;5.6464966E7;1.39483995E8;1373629.0;584692.0
7890;3.9707243E7;8.2861794E7;1371259.0;621827.0
7900;3.330132E7;7.4166489E7;988444.0;345284.0
7910;3.4021913E7;7.9478488E7;936691.0;344889.0
7920;3.0884729E7;8.3302683E7;1003457.0;335802.0
7930;3.5970356E7;9.4367963E7;2031802.0;967111.0
7940;3.1742802E7;8.9776557E7;977382.0;379654.0
7950;3.8004529E7;8.5969743E7;1249185.0;359111.0
7960;4.4653414E7;8.7964014E7;1220345.0;405333.0
7970;3.0700235E7;8.2279079E7;1060740.0;336987.0
7980;3.9435836E7;7.1150589E7;957629.0;433382.0
7990;4.6351784E7;7.551286E7;968691.0;342123.0
8000;4.7056574E7;9.2435717E7;1321481.0;663308.0
8010;3.0530358E7;7.7564809E7;961580.0;345283.0
8020;3.9381713E7;7.6759673E7;982913.0;347259.0
8030;3.1641667E7;7.8219426E7;1018073.0;348840.0
8040;3.0181519E7;7.1681552E7;1135802.0;370963.0
8050;3.0182705E7;7.7783673E7;964740.0;348445.0
8060;3.3933024E7;8.7707224E7;982518.0;355556.0
8070;3.878833E7;7.6280068E7;1028740.0;353185.0
8080;4.1830305E7;8.6054287E7;1374024.0;1478320.0
8090;3.0710112E7;7.7328957E7;1005432.0;355950.0
8100;3.1138358E7;7.8831772E7;990419.0;355556.0
8110;3.1290061E7;7.2895181E7;978963.0;352790.0
8120;3.7322256E7;7.2510391E7;972247.0;348445.0
8130;3.1201568E7;7.5607674E7;990419.0;362271.0
8140;3.1939148E7;7.3673848E7;1025580.0;712691.0
8150;3.1690654E7;8.0127968E7;979358.0;375703.0
8160;3.1786654E7;9.0129742E7;972247.0;431012.0
8170;3.1165617E7;8.2040066E7;1104592.0;363852.0
8180;3.1852234E7;7.5884217E7;1054814.0;370963.0
8190;3.6292726E7;7.4401551E7;986864.0;394666.0
8200;3.1211445E7;8.1187524E7;997925.0;358321.0
8210;3.2749419E7;8.0602437E7;1061531.0;357926.0
8220;3.323653E7;8.3412115E7;1017679.0;358716.0
8230;3.4716826E7;9.3695568E7;966321.0;359506.0
8240;3.7040973E7;7.9259623E7;1524148.0;602469.0
8250;3.3249567E7;8.3194831E7;1014913.0;364642.0
8260;3.1756234E7;7.6139427E7;1042568.0;363457.0
8270;3.2718604E7;8.476283E7;1025580.0;404543.0
8280;3.3386259E7;7.8969252E7;1003457.0;368197.0
8290;3.6136282E7;8.0216067E7;1376790.0;585086.0
8300;4.0842256E7;9.1329544E7;2217085.0;684642.0
8310;3.4017171E7;7.9554734E7;990419.0;361086.0
8320;4.0640379E7;8.9810137E7;1009383.0;361482.0
8330;3.6138652E7;9.6677887E7;1038617.0;410469.0
8340;3.9082256E7;1.09321043E8;1014913.0;368988.0
8350;4.2111984E7;8.9094286E7;1020839.0;374519.0
8360;3.4400777E7;8.7238286E7;1463308.0;373333.0
8370;3.7443146E7;8.8163916E7;1368493.0;362667.0
8380;3.4301221E7;8.03654E7;1158320.0;473284.0
8390;3.4322949E7;9.6163913E7;1005037.0;364642.0
8400;3.6962356E7;8.6244707E7;1017679.0;372543.0
8410;3.4187048E7;8.2469893E7;1484246.0;1009382.0
8420;3.5862109E7;8.7973891E7;1032691.0;370568.0
8430;3.5614801E7;8.2636609E7;997136.0;368197.0
8440;4.0090058E7;8.1290634E7;1030321.0;366222.0
8450;3.5986159E7;9.072589E7;1065086.0;370568.0
8460;4.0318008E7;8.3275819E7;1066666.0;498568.0
8470;4.1347539E7;8.2393646E7;1038617.0;374123.0
8480;3.5301912E7;8.9289447E7;1057185.0;365037.0
8490;3.4968085E7;8.257735E7;1008987.0;365432.0
8500;3.7130652E7;8.347572E7;1080098.0;364642.0
8510;3.5742801E7;8.9345545E7;1093136.0;370173.0
8520;3.5280974E7;8.3297548E7;1016888.0;371753.0
8530;3.5103591E7;8.9955125E7;1103802.0;412049.0
8540;3.5454801E7;8.3297943E7;1014123.0;485926.0
8550;3.5857369E7;8.379572E7;1742617.0;437333.0
8560;3.7661219E7;9.0535075E7;1077333.0;377679.0
8570;3.6306159E7;8.5647374E7;1036246.0;379654.0
8580;3.9970355E7;8.4099127E7;1101036.0;384790.0
8590;3.5668924E7;8.9427323E7;1020839.0;373333.0
8600;3.5817072E7;8.462851E7;1105777.0;372938.0
8610;4.1059539E7;8.5748904E7;1042567.0;487111.0
8620;3.7727195E7;9.4503864E7;1064296.0;395457.0
8630;4.5333711E7;8.5575867E7;1264987.0;381234.0
8640;3.7684923E7;8.5409547E7;1637136.0;573234.0
8650;3.6258356E7;9.3313543E7;1089975.0;373728.0
8660;3.6646701E7;8.5650929E7;1055210.0;387160.0
8670;3.8538652E7;8.7276212E7;3694615.0;705975.0
8680;3.737717E7;9.6999468E7;1063506.0;377284.0
8690;3.6287196E7;8.5791571E7;1256295.0;375309.0
8700;3.9261614E7;8.6257743E7;1732740.0;378074.0
8710;3.7867047E7;1.01259022E8;1070222.0;439309.0
8720;3.9007194E7;1.07160451E8;1126716.0;662518.0
8730;3.7584182E7;8.8518681E7;1076937.0;372148.0
8740;4.3380526E7;8.7132805E7;1055605.0;376099.0
8750;3.6876627E7;9.2845395E7;1060345.0;426667.0
8760;3.7015294E7;8.7783866E7;1065086.0;451555.0
8770;4.3802452E7;8.7591867E7;1058765.0;384000.0
8780;3.7048479E7;9.3436803E7;1447506.0;374123.0
8790;3.7561269E7;8.8639965E7;1070222.0;374123.0
8800;4.4286007E7;8.921715E7;1088000.0;375704.0
8810;3.7417467E7;9.4312259E7;1070617.0;392296.0
8820;3.8079985E7;8.8558978E7;1059555.0;382419.0
8830;4.4309315E7;8.9074928E7;1069431.0;384000.0
8840;3.8311886E7;9.6338135E7;1140938.0;375703.0
8850;3.7705466E7;8.9142879E7;1093926.0;407309.0
8860;4.3223292E7;8.9212804E7;1172938.0;375704.0
8870;3.775959E7;9.9557097E7;1213234.0;379654.0
8880;3.8839293E7;9.0904458E7;1063505.0;382420.0
8890;3.8382997E7;9.4463568E7;1809382.0;754173.0
8900;4.3701712E7;1.19141089E8;1257086.0;555851.0
8910;4.183465E7;1.08849734E8;1111703.0;461827.0
8920;4.1191095E7;1.07140699E8;1110123.0;387950.0
8930;4.2117119E7;9.2755322E7;1195456.0;380049.0
8940;4.3869217E7;9.1042729E7;1168197.0;378074.0
8950;3.8519293E7;9.6396999E7;1091555.0;435753.0
8960;3.9567392E7;9.2365791E7;1076938.0;383209.0
8970;4.4805908E7;9.1328754E7;1097086.0;388345.0
8980;3.884917E7;9.7598776E7;1076542.0;384790.0
8990;3.8851936E7;1.01565984E8;1353876.0;382420.0
9000;3.8899342E7;9.2380803E7;1206518.0;511210.0
9010;4.4923637E7;9.4305543E7;1189925.0;381629.0
9020;4.2722354E7;1.01791565E8;1218765.0;390321.0
9030;4.2227341E7;1.00760849E8;1088395.0;401777.0
9040;4.7693413E7;9.5256456E7;1519802.0;795259.0
9050;4.2806897E7;9.8159763E7;1100641.0;383209.0
9060;4.0644725E7;1.0984608E8;1104987.0;472888.0
9070;4.2790699E7;9.704648E7;1121975.0;402173.0
9080;4.2457267E7;9.4874431E7;1193876.0;386370.0
9090;3.9802453E7;9.9922924E7;1091950.0;389531.0
9100;4.2487687E7;9.9894479E7;1107358.0;385976.0
9110;4.0565713E7;9.4299617E7;1191111.0;384395.0
9120;4.7550401E7;9.4686383E7;1136592.0;391901.0
9130;4.0047391E7;9.9542874E7;1084049.0;385975.0
9140;4.0645514E7;1.04052107E8;1120000.0;384395.0
9150;4.074744E7;9.5603715E7;1583407.0;753777.0
9160;4.635613E7;9.5386431E7;1119999.0;385975.0
9170;4.1074552E7;1.01981194E8;1086814.0;391901.0
9180;4.0528972E7;1.01378331E8;1217974.0;389926.0
9190;4.0669218E7;9.6245296E7;1123950.0;567703.0
9200;4.6621216E7;9.5939913E7;1498864.0;390715.0
9210;4.1021613E7;1.07349686E8;1102221.0;393876.0
9220;4.1943292E7;1.02814379E8;1100246.0;396642.0
9230;4.1292231E7;9.69169E7;1425777.0;392691.0
9240;4.7049463E7;9.7364504E7;1199407.0;394666.0
9250;4.2455292E7;1.05328946E8;1198221.0;417975.0
9260;4.2139637E7;1.03366281E8;1135012.0;392692.0
9270;4.3546452E7;9.8224949E7;1136197.0;478025.0
9280;5.2368572E7;9.829843E7;1155555.0;405333.0
9290;4.1594057E7;1.05472749E8;1469234.0;393481.0
9300;4.196423E7;1.04367762E8;1149234.0;391111.0
9310;4.2228922E7;9.9130035E7;1129086.0;397827.0
9320;4.7132426E7;9.8825442E7;1545085.0;396246.0
9330;4.1969761E7;1.04754922E8;1123555.0;399013.0
9340;4.3087785E7;1.05831465E8;1153185.0;401778.0
9350;4.2848773E7;9.9399862E7;1161876.0;396641.0
9360;4.8181709E7;1.0009122E8;1133036.0;401778.0
9370;4.2215885E7;1.06245489E8;1180049.0;585482.0
9380;4.2851144E7;1.15476893E8;1121185.0;399802.0
9390;4.4843834E7;1.11415264E8;1159111.0;397432.0
9400;4.3799687E7;1.05394131E8;1148049.0;404543.0
9410;4.8008278E7;1.00602034E8;1187160.0;409679.0
9420;4.2851934E7;1.07820599E8;1182420.0;409284.0
9430;4.3378155E7;1.06164106E8;1126715.0;401382.0
9440;4.2914749E7;1.01942478E8;1169778.0;473284.0
9450;4.866961E7;1.01785244E8;1144098.0;404544.0
9460;4.3248576E7;1.06930525E8;1178469.0;489877.0
9470;4.3933612E7;1.15102374E8;1141728.0;397827.0
9480;4.3328378E7;1.15996793E8;1360987.0;667259.0
9490;4.3431884E7;1.02888255E8;1172938.0;412839.0
9500;4.6936871E7;1.03115811E8;1687308.0;399803.0
9510;4.9517017E7;1.02922231E8;1148049.0;399802.0
9520;4.3683144E7;1.09027512E8;1138963.0;436938.0
9530;4.3384871E7;1.10597883E8;1507950.0;404938.0
9540;4.3860526E7;1.03576453E8;1176494.0;408888.0
9550;5.0554844E7;1.04710675E8;1168197.0;414024.0
9560;4.4510007E7;1.11531808E8;1174518.0;401778.0
9570;4.6547734E7;1.12226721E8;1181629.0;448395.0
9580;4.5248772E7;1.1103482E8;1167407.0;406914.0
9590;4.4717414E7;1.05369242E8;1205333.0;403357.0
9600;4.9470006E7;1.05656452E8;1230617.0;414419.0
9610;5.575741E7;1.14255757E8;1251950.0;408889.0
9620;4.4931143E7;1.10792252E8;1178468.0;426272.0
9630;4.4810648E7;1.12305733E8;1180444.0;413235.0
9640;4.5146451E7;1.10815166E8;1174123.0;407309.0
9650;5.3665559E7;1.06067316E8;1185184.0;418766.0
9660;4.9357808E7;1.06258526E8;1212049.0;405333.0
9670;4.5273266E7;1.12194326E8;1305283.0;485925.0
9680;4.4891242E7;1.13819214E8;1206914.0;434173.0
9690;5.1582399E7;1.30471455E8;1178469.0;507654.0
9700;4.5768279E7;1.17160645E8;1584592.0;496197.0
9710;4.6177562E7;1.07195612E8;1191506.0;413235.0
9720;5.2784571E7;1.0779492E8;1197431.0;409679.0
9730;4.6536278E7;1.12462178E8;1198222.0;410469.0
9740;4.6201661E7;1.17297336E8;1178469.0;414025.0
9750;4.6373117E7;1.15214572E8;1210074.0;410864.0
9760;4.6757908E7;1.1501072E8;1194666.0;417580.0
9770;4.5541908E7;1.10146327E8;1525728.0;410469.0
9780;5.158635E7;1.08487463E8;1285135.0;429432.0
9790;5.0001758E7;1.10547315E8;1198616.0;414420.0
9800;4.7284524E7;1.15982176E8;1217185.0;415605.0
9810;4.7395537E7;1.16126373E8;1263407.0;550715.0
9820;4.7211438E7;1.16273732E8;1201777.0;416395.0
9830;4.6712081E7;1.09769834E8;1477925.0;425086.0
9840;5.0199683E7;1.10388894E8;1652543.0;432198.0
9850;5.2086498E7;1.11033635E8;1233777.0;416395.0
9860;4.6882352E7;1.18611706E8;1491358.0;428642.0
9870;4.8248475E7;1.17522127E8;1228246.0;419950.0
9880;5.0998103E7;1.16691707E8;1232987.0;468148.0
9890;4.7161265E7;1.19740002E8;1733926.0;419950.0
9900;4.7429512E7;1.11840746E8;1243654.0;423111.0
9910;5.1154548E7;1.16783756E8;2227357.0;421926.0
9920;5.3940917E7;1.13268499E8;1204147.0;423110.0
9930;4.8235833E7;1.18931706E8;1213234.0;427457.0
9940;4.7771241E7;1.18655953E8;1201778.0;428247.0
9950;4.8169068E7;1.19068002E8;1311604.0;421926.0
9960;4.8507635E7;1.24221976E8;1195457.0;421925.0
9970;5.0287387E7;1.24364988E8;1247209.0;512790.0
9980;4.8365413E7;1.14232054E8;1204938.0;425877.0
9990;5.4243534E7;1.13627609E8;1253135.0;426666.0
10000;5.367188E7;1.13929437E8;1554567.0;420346.0

